No., token_name, token_address, 4.txt, 2A, 2B, 4A, 4B, 5A, 5B, 6A, 6B
1,USDC,EPjFWdd5AufqSSqeM2qN1xzybapC8G4wEGGkZwyTDt1v,1,0,0,1,1,0,0,1,1
2,USDT,Es9vMFrzaCERmJfrF4H2FYD4KCoNkY11McCe8BenwNYB,1,0,0,0,0,0,0,0,0
3,SOL,So11111111111111111111111111111111111111112,1,1,1,1,1,1,1,1,1
4,WBTC,3NZ9JMVBmGAqocybic2c7LQCJScmgsAZ6vQqTDzcqmJh,1,0,0,0,0,0,0,0,0
5,WETH,7vfCXTUXx5WJV5JADk17DUJ4ksgau7utNKj4b963voxs,1,0,0,0,0,0,0,0,0
6,PYUSD,2b1kV6DkPAnxd5ixfnxCpjxmKwqjjaYmCZfHsFu24GXo,1,0,0,0,0,0,0,0,0
7,USDS,USDSwr9ApdHk5bvJKMjzff41FfuX8bSxdKcR81vTwcA,1,0,0,0,0,0,0,0,0
8,CBBTC,cbbtcf3aa214zXHbiAZQwf4122FBYbraNdFqgw4iMij,1,0,0,0,0,0,0,0,0
9,BSOL,bSo13r4TkiE4KumL71LsHTPpL2euBYLFx6h9HP3piy1,1,0,0,0,0,0,0,0,0
10,BGSOL,BGSo18NXTWGtyNa5DBBP1ZCfUFRPWj6bECrPKakn8qN,1,0,0,0,0,0,0,0,0
11,BNSOL,BNso1VUJnh4zcfpZa6986Ea66P6TCp59hvtNJ8b1X85,1,0,0,0,0,0,0,0,0
12,BBSOL,Bybit2vBJGhPF52GBdNaQfUJ6ZpThSgHBobjWZpLPb4B,1,0,0,0,0,0,0,0,0
13,JupSOL,jupSoLaHXQiZZTSfEWMTRRgpnyFm8f6sZdosWBjx93v,1,0,0,0,0,0,0,0,0
14,JitoSOL,J1toso1uCk3RLmjorhTtrVwY9HJ7X8V9yYac6Y7kGCPn,1,0,0,0,0,0,0,0,0
15,MSOL,mSoLzYCxHdYgdzU16g5QSh3i5K3z3KZK7ytfqcJm7So,1,0,0,0,0,0,0,0,0
16,SSOL,sSo14endRuUbvQaJS3dq36Q829a3A6BEfoeeRGJywEh,1,0,0,0,0,0,0,0,0
17,HUBSOL,HUBsveNpjo5pWqNkH57QzxjQASdTVXcSK7bVKTSZtcSX,1,0,0,0,0,0,0,0,0
18,JLP,27G8MtK7VtTcCHkpASjSDdkWWYfoqT6ggEuKidVJidD4,1,0,0,0,0,0,0,0,0
19,JUP,JUPyiwrYJFskUPiHa7hkeR8VUtAeFoSYbKedZNsDvCN,1,0,0,0,0,0,0,0,0
20,JTO,jtojtomepa8beP8AuQc6eXt5FriJwfFMwQx2v2f9mCL,1,0,0,0,0,0,0,0,0
21,POPCAT,7GCihgDB8fe6KNjn2MYtkzZcRjQy3t9GHdC8uHYmW2hr,1,0,0,0,0,0,0,0,0
22,WIF,EKpQGSJtjMFqKZ9KQanSqYXRcF8fBopzLHYxdM65zcjm,1,0,0,0,0,0,0,0,0
23,GOAT,CzLSujWBLFsSjncfkh59rUFqvafWcY5tzedWJSuypump,1,0,0,0,0,0,0,0,0
24,BONK,DezXAZ8z7PnrnRJjz3wXBoRgixCa6xjnB7YaB1pPB263,1,0,0,0,0,0,0,0,0
25,M3M3,M3M3pSFptfpZYnWNUgAbyWzKKgPo5d1eWmX6tbiSF2K,1,0,0,0,0,0,0,0,0
26,TRUMP,6p6xgHyF7AeE6TZkSmFsko444wqoP15icUSqi2jfGiPN,1,0,0,0,0,0,0,0,0
27,VINE,6AJcP7wuLwmRYLBNbi825wgguaPsWzPBEHcHndpRpump,1,0,0,0,0,0,0,0,0
28,PNUT,2qEHjDLDLbuBgRYvsxhc5D6uDWAivNFZGan56P1tpump,1,0,0,0,0,0,0,0,0
29,MOODENG,ED5nyyWEzpPPiWimP8vYm7sD7TD3LAt3Q3gRTWHzPJBY,1,0,0,0,0,0,0,0,0
30,PENGU,2zMMhcVQEXDtdE6vsFS7S7D5oUodfJHE8vd1gnBouauv,1,0,0,0,0,0,0,0,0
31,FARTCOIN,9BB6NFEcjBCtnNLFko2FqVQBq8HHM13kCyYcdQbgpump,1,0,0,0,0,0,0,0,0
32,ARC,61V8vBaqAGMpgDQi4JcAwo1dmBGHsyhzodcPqnEVpump,1,0,0,0,0,0,0,0,0
33,ALCH,HNg5PYJmtqcmzXrv6S9zP1CDKk5BgDuyFBxbvNApump,1,0,0,0,0,0,0,0,0
34,GRIFFAIN,KENJSUYLASHUMfHyy5o4Hp2FdNqZg1AsUPhfH2kYvEP,1,0,0,0,0,0,0,0,0
35,AI16Z,HeLp6NuQkmYB4pYWo2zYs22mESHXPQYzXbB8n4V98jwC,1,0,0,0,0,0,0,0,0
36,GIGA,63LfDmNb3MQ8mw9MtZ2To9bEA2M71kZUUGq5tiJxcqj9,1,0,0,0,0,0,0,0,0
37,SWARMS,74SBV4zDXxTRgv1pEMoECskKBkZHc2yGPnc7GYVepump,1,0,0,0,0,0,0,0,0
38,CWIF,7atgF8KQo4wJrD5ATGX7t1V2zVvykPJbFfNeVf1icFv1,1,0,0,0,0,0,0,0,0
39,FWOG,A8C3xuqscfmyLrte3VmTqrAq8kgMASius9AFNANwpump,1,0,0,0,0,0,0,0,0
40,DADDY,4Cnk9EPnW5ixfLZatCPJjDB1PUtcRpVVgTQukm9epump,1,0,0,0,0,0,0,0,0
41,SPX,J3NKxxXZcnNiMjKw9hYb2K4LUxgwB6t1FtPtQVsv3KFr,1,0,0,0,0,0,0,0,0
42,DUKO,HLptm5e6rTgh4EKgDpYFrnRHbjpkMyVdEeREEa2G7rf9,1,0,0,0,0,0,0,0,0
43,MELANIA,FUAfBo2jgks6gB4Z4LfZkqSZgzNucisEHqnNebaRxM1P,1,0,0,0,0,0,0,0,0
44,AVA,DKu9kykSfbN5LBfFXtNNDPaX35o4Fv6vJ9FKk7pZpump,1,0,0,0,0,0,0,0,0
45,PONKE,5z3EqYQo9HiCEs3R84RCDMu2n7anpDMxRhdK8PSWmrRC,1,0,0,0,0,0,0,0,0
46,MUMU,5LafQUrVco6o7KMz42eqVEJ9LW31StPyGjeeu5sKoMtA,1,0,0,0,0,0,0,0,0
47,MEW,MEW1gQWJ3nEXg2qgERiKu7FAFj79PHvQVREQUzScPP5,1,0,0,0,0,0,0,0,0
48,ACT,GJAFwWjJ3vnTsrQVabjBVK2TYB1YtRCQXRDfDgUnpump,1,0,0,0,0,0,0,0,0
49,CHILLGUY,Df6yfrKC8kZE3KNkrHERKzAetSxbrWeniQfyJY4Jpump,1,0,0,0,0,0,0,0,0
50,RAY,4k3Dyjzvzp8eMZWUXbBCjEvwSkkk59S5iCNLY3QrkX6R,1,0,0,0,0,0,0,0,0
51,ELIZA,wUtwjNmjCP9TTTtoc5Xn5h5sZ2cYJm5w2w44b79yr2o,1,0,0,0,0,0,0,0,0
52,LAYER,LAYER4xPpTCb3QL8S9u41EAhAX7mhBn8Q6xMTwY2Yzc,1,0,0,0,0,0,0,0,0
53,UNICORN,DzN1qkcRdsxQRFb9yVvz73Fnu6SbD3f5oJgArVdx7Nzc,0,1,1,0,0,1,1,0,0
54,BSCREENER,4PYijC1Xas63cxdoYnUg7SQgcg23UgNNcPmvbj6KNUSz,0,1,1,0,0,0,0,0,0
55,WONDER,GEKjZKJZgQTCbi9evTW2GmhyamH3sq6Lid9dQMWqEcCY,0,1,1,0,0,0,0,0,0
56,SAROS,SarosY6Vscao718M4A778z4CGtvcwcGef5M9MEH1LGL,0,1,1,0,0,0,0,0,0
57,PASTERNAK,Ey59PH7Z4BFU4HjyKnyMdWt5GGN76KazTAwQihoUXRnk,0,0,0,1,1,0,0,1,1
58,GOONC,ENfpbQUM5xAnNP8ecyEQGFJ6KwbuPjMwv7ZjR29cDuAb,0,0,0,1,1,0,0,0,0
59,gork,38PgzpJYu2HkiYvV8qePFakB8tuobPdGm2FFEn7Dpump,0,0,0,1,1,0,0,1,1
60,USELESS,Dz9mQ9NzkBcCsuGPFJ3r1bS4wgqKMHBPiVuniW8Mbonk,0,0,0,1,1,0,0,1,1
61,Hosico,9wK8yN6iz1ie5kEJkvZCTxyN1x5sTdNfx8yeMY8Ebonk,0,0,0,1,1,0,0,1,1
62,TROLL,5UUH9RTDiSpq6HKS6bp4NdU9PNJpXRXuiw6ShBTBhgH2,0,0,0,1,1,0,0,0,0
63,NOODLE,7cEgQdp8JTXvBrpjSzji7bLEeCHWENRwX62B2Ep97k5H,0,0,0,1,1,0,0,0,0
64,IKUN,AtortPA9SVbkKmdzu5zg4jxgkR4howvPshorA9jYbonk,0,0,0,1,1,0,0,1,1
65,titcoin,FtUEW73K6vEYHfbkfpdBZfWpxgQar2HipGdbutEhpump,0,0,0,1,1,0,0,1,1
66,GRASS,Grass7B4RdKfBCjTKgSqnXkqjwiGvQyFbuSCUJr3XXjs,0,0,0,1,1,0,0,1,1
67,Petunia,7tPPYTBKrFLKKnoCwijrsfjAYadyp7GpAmSPUbVwbonk,0,0,0,1,1,0,0,1,1
68,Glonk,8yxD7uSEyEKpJqaSiunworBFzirAsRXKNjD2X1mdbonk,0,0,0,1,1,0,0,1,1
69,PVS,FWAr6oWa6CHg6WUcXu8CqkmsdbhtEqL8t31QTonppump,0,0,0,1,1,0,0,1,1
70,neet,Ce2gx9KGXJ6C9Mp5b5x1sn9Mg87JwEbrQby4Zqo3pump,0,0,0,1,1,0,0,0,0
71,DARK,8BtoThi2ZoXnF7QQK1Wjmh2JuBw9FjVvhnGMVZ2vpump,0,0,0,1,1,0,0,0,0
72,moonpig,Ai3eKAWjzKMV8wRwd41nVP83yqfbAVJykhvJVPxspump,0,0,0,1,1,0,0,0,0
73,House,DitHyRMQiSDhn5cnKMJV2CDDt6sVct96YrECiM49pump,0,0,0,1,1,0,0,1,1
74,zBTC,zBTCug3er3tLyffELcvDNrKkCymbPWysGcWihESYfLg,0,0,0,1,1,0,0,1,1
75,ICM,dpfZvKKTu2CEJ9zJz28Cu733m1zGbuQk9FS7T8wpump,0,0,0,1,1,0,0,1,1
76,pwease,CniPCE4b3s8gSUPhUiyMjXnytrEqUrMfSsnbBjLCpump,0,0,0,1,1,0,0,1,1
77,DOOD,DvjbEsdca43oQcw2h3HW1CT7N3x5vRcr3QrvTUHnXvgV,0,0,0,1,1,0,0,1,1
78,KMNO,KMNo3nJsBXfcpJTVhZcXLW7RmTwTt4GVFE7suUBo9sS,0,0,0,1,1,0,0,1,1
79,Italianrot,BQX1cjcRHXmrqNtoFWwmE5bZj7RPneTmqXB979b2pump,0,0,0,1,1,0,0,1,1
80,LetsBONK,CDBdbNqmrLu1PcgjrFG52yxg71QnFhBZcUE6PSFdbonk,0,0,0,1,1,0,0,1,1
81,VIRTUAL,3iQL8BFS2vE7mww4ehAqQHAsbmRNCrPxizWAT2Zfyr9y,0,0,0,1,1,0,0,1,1
82,HYPER,Aq8Gocyvyyi8xk5EYxd6viUfVmVvs9T9R6mZFzZFpump,0,0,0,1,1,0,0,1,1
83,BOOP,boopkpWqe68MSxLqBGogs8ZbUDN4GXaLhFwNP7mpP1i,0,0,0,1,1,0,0,0,0
84,WEN,WENWENvqqNya429ubCdR81ZmD69brwQaaBYY6p3LCpk,0,0,0,1,1,0,0,1,1
85,SSE,H4phNbsqjV5rqk8u6FUACTLB6rNZRTAPGnBb8KXJpump,0,0,0,1,1,0,0,1,1
86,Boopa,JmMRbLcKgNCu17yHZDAn4strE5NjmWJ4pCeJ7s7boop,0,0,0,1,1,0,0,1,1
87,SHDW,SHDWyBxihqiCj6YekG2GUr7wqKLeLAMK1gHZck9pL6y,0,0,0,1,1,0,0,0,0
88,MOBY,Cy1GS2FqefgaMbi45UunrUzin1rfEmTUYnomddzBpump,0,0,0,1,1,0,0,1,1
89,JOS,JosjEXh69RckgSs2AWsN1xN8zmiSHxBuJjHLURJnHhg,0,0,0,1,1,0,0,1,1
90,GYAT,9tsUburWeWCCyt6yYWXYdykwPwSK6tYZsr2pjX7vNRWZ,0,0,0,1,1,0,0,1,1
91,STORE,FLJYGHpCCcfYUdzhcfHSeSd2peb5SMajNWaCsRnhpump,0,0,0,1,1,0,0,1,1
92,EURC,HzwqbKZw8HxMN6bF2yFZNrht3c2iXXzpKcFu7uBEDKtr,0,0,0,1,1,0,0,1,1
93,SNAI,Hjw6bEcHtbHGpQr8onG3izfJY5DJiWdt7uk2BfdSpump,0,0,0,1,1,0,0,1,1
94,KIT,9hfKxLSnwh4LhpRgmxBYDRgrKeYUgszMePKxuidPpump,0,0,0,1,1,0,0,1,1
95,SCS,SCSuPPNUSypLBsV4darsrYNg4ANPgaGhKhsA3GmMyjz,0,0,0,1,1,0,0,1,1
96,HYPERSKIDS,GwkEDwePTa6aFosh9xzAniGK1zvLrQ5yPJfLnqwmuyhG,0,0,0,1,1,0,0,1,1
97,IO,BZLbGTNCSFfoth2GYDtwr7e4imWzpR5jqcUuGEwr646K,0,0,0,1,1,0,0,1,1
98,GRIFT,GekTNfm84QfyP2GdAHZ5AgACBRd69aNmgA5FDhZupump,0,0,0,1,1,0,0,1,1
99,RFC,C3DwDjT17gDvvCYC2nsdGHxDHVmQRdhKfpAdqQ29pump,0,0,0,1,1,0,0,0,0
100,MLG,7XJiwLDrjzxDYdZipnJXzpr1iDTmK55XixSFAa7JgNEL,0,0,0,1,1,0,0,1,1
101,jellyjelly,FeR8VBqNRSUD5NtXAj2n3j1dAHkZHfyDktKuLXD4pump,0,0,0,1,1,0,0,1,1
102,Wizard,8oosbx7jJrZxm5m4ThKhBpvwwG4QpoAe6i4GiG19pump,0,0,0,1,1,0,0,0,0
103,LOCKIN,8Ki8DpuWNxu9VsS3kQbarsCWMcFGWkzzA8pUPto9zBd5,0,0,0,1,1,0,0,1,1
104,BONGO,HUdqc5MR5h3FssESabPnQ1GTgTcPvnNudAuLj5J6a9sU,0,0,0,1,1,0,0,1,1
105,HNT,hntyVP6YFm1Hg25TN9WGLqM12b8TQmcknKrdu1oxWux,0,0,0,1,1,0,0,1,1
106,FO,JDzPbXboQYWVmdxXS3LbvjM52RtsV1QaSv2AzoCiai2o,0,0,0,1,1,0,0,0,0
107,ME,MEFNBXixkEbait3xn9bkm8WsJzXtVsaJEn4c8Sam21u,0,0,0,1,1,0,0,1,1
108,Grassito,GkeUTuaFB4oZADaqiCo3yauHNx9SxUNn8euHptEEbonk,0,0,0,1,1,0,0,1,1
109,UFD,eL5fUxj2J4CiQsmW85k5FG9DvuQjjUoBHoQBi2Kpump,0,0,0,1,1,0,0,1,1
110,RIBBIT,2H3JJzBPeKzeUrFYspo7HWUW7YtVSYYM1C4z2wuiSREV,0,0,0,0,0,1,1,0,0
111,BOME,ukHH6c7mMyiWCf1b9pnWe25TSpkDDt3H5pQZgZ74J82,0,0,0,0,0,0,0,1,1
112,,Hg8bKz4mvs8KNj9zew1cEF9tDw1x2GViB4RFZjVEmfrD,0,0,0,0,0,0,0,1,1
113,LABUBU,JB2wezZLdzWfnaCfHxLg193RS3Rh51ThiXxEDWQDpump,0,0,0,0,0,0,0,1,1
114,ZEREBRO,8x5VqbHA8D7NkD52uNuS5nnt3PwA8pLD34ymskeSo2Wn,0,0,0,0,0,0,0,1,1
115,AUSD,AUSD1jCcCyPLybk1YnvPWsHQSrZ46dxwoMniN4N2UEB9,0,0,0,0,0,0,0,1,1
116,FLOPPY,2VqtrBXmgkNa3oeJwgnBUdNL5yJhq8kddqYtPVGKbonk,0,0,0,0,0,0,0,1,1
117,SLERF,7BgBvyjrZX1YKz4oh9mjb8ZScatkkwb8DzFx7LoiVkM3,0,0,0,0,0,0,0,1,1
118,pippin,Dfh5DzRgSvvCFDoYc2ciTkMrbDfRKybA4SoFbPmApump,0,0,0,0,0,0,0,1,1
119,$michi,5mbK36SZ7J19An8jFochhQS4of8g6BwUjbeCSxBSoWdp,0,0,0,0,0,0,0,1,1
120,PYTH,HZ1JovNiVvGrGNiiYvEozEVgZ58xaU3RKwX8eACQBCt3,0,0,0,0,0,0,0,1,1
121,STONKS,6NcdiK8B5KK2DzKvzvCfqi8EHaEqu48fyEzC8Mm9pump,0,0,0,0,0,0,0,1,1
122,Anon,9McvH6w97oewLmPxqQEoHUAv3u5iYMyQ9AeZZhguYf1T,0,0,0,0,0,0,0,1,1
123,BOTIFY,BYZ9CcZGKAXmN2uDsKcQMM9UnZacija4vWcns9Th69xb,0,0,0,0,0,0,0,1,1
124,BUZZ,9DHe3pycTuymFk4H4bbPoAJ4hQrr2kaLDF6J6aAKpump,0,0,0,0,0,0,0,1,1
125,BUTTCOIN,FasH397CeZLNYWkd3wWK9vrmjd1z93n3b59DssRXpump,0,0,0,0,0,0,0,1,1
126,$RIF,GJtJuWD9qYcCkrwMBmtY1tpapV1sKfB2zUv9Q4aqpump,0,0,0,0,0,0,0,1,1
127,MYCO,EzYEwn4R5tNkNGw4K2a5a58MJFQESdf1r4UJrV7cpUF3,0,0,0,0,0,0,0,1,1
128,GFM,E1jCTXdkMRoawoWoqfbhiNkkLbxcSHPssMo36U84pump,0,0,0,0,0,0,0,1,1
129,ZEUS,ZEUS1aR7aX8DFFJf5QjWj2ftDDdNTroMNGo8YoQm3Gq,0,0,0,0,0,0,0,1,1
130,LMT,86t88w3MKT38HChTBKBwEeb1RW1MeTceaW68qY2Vpump,0,0,0,0,0,0,0,1,1
131,$COLLAT,C7heQqfNzdMbUFQwcHkL9FvdwsFsDRBnfwZDDyWYCLTZ,0,0,0,0,0,0,0,1,1
132,RENDER,rndrizKT3MK1iimdxRdWabcF7Zg7AR5T4nud4EkHBof,0,0,0,0,0,0,0,1,1
133,FRED,CNvitvFnSM5ed6K28RUNSaAjqqz5tX1rA5HgaBN9pump,0,0,0,0,0,0,0,1,1
134,TAI,Hax9LTgsQkze1YFychnBLtFH8gYbQKtKfWKKg2SP6gdD,0,0,0,0,0,0,0,1,1
135,PURPE,HBoNJ5v8g71s2boRivrHnfSB5MVPLDHHyVjruPfhGkvL,0,0,0,0,0,0,0,1,1
136,COM,J3NrhzUeKBSA3tJQjNq77zqpWJNz3FS9TrX7H7SLKcom,0,0,0,0,0,0,0,1,1
137,Bert,HgBRWfYxEfvPhtqkaeymCQtHCrKE46qQ43pKe8HCpump,0,0,0,0,0,0,0,1,1
138,CHACHA,9Wkcek2EZFmJf5L2XmC5rfnNVBrdndbMe6yW8fbfbonk,0,0,0,0,0,0,0,1,1
139,RETARDIO,6ogzHhzdrQr9Pgv6hZ2MNze7UrzBMAFyBBWUYp1Fhitx,0,0,0,0,0,0,0,1,1
140,Butthole,CboMcTUYUcy9E6B3yGdFn6aEsGUnYV6yWeoeukw6pump,0,0,0,0,0,0,0,1,1
141,Shoggoth,H2c31USxu35MDkBrGph8pUDUnmzo2e4Rf4hnvL2Upump,0,0,0,0,0,0,0,1,1
142,vvaifu,FQ1tyso61AH1tzodyJfSwmzsD3GToybbRNoZxUBz21p8,0,0,0,0,0,0,0,1,1
143,OCTO,4CoTCzobYt38zVbSieZxcmz2CCs8kmZJ6wnbj8HWocto,0,0,0,0,0,0,0,1,1
144,San,2z1p8xCEjRzpBHjXWrx4tJnz7BFL6z7NnvbCxH7bpump,0,0,0,0,0,0,0,1,1
145,LUMO,4FkNq8RcCYg4ZGDWh14scJ7ej3m5vMjYTcWoJVkupump,0,0,0,0,0,0,0,1,1
146,$MYRO,HhJpBhRRn4g56VsyLuT8DL5Bv31HkXqsrahTTUCZeZg4,0,0,0,0,0,0,0,1,1
147,AGiXT,F9TgEJLLRUKDRF16HgjUCdJfJ5BK6ucyiW8uJxVPpump,0,0,0,0,0,0,0,1,1
148,LUX,BmXfbamFqrBzrqihr9hbSmEsfQUXMVaqshAjgvZupump,0,0,0,0,0,0,0,1,1
149,ELON,7ZCm8WBN9aLa3o47SoYctU6iLdj7wkGG5SV2hE5CgtD5,0,0,0,0,0,0,0,1,1
150,FAT,5LJMJyR8MtAkbtpf8kFUV7S9oFG3xaGDdcnFxYt9pump,0,0,0,0,0,0,0,1,1
151,BILLY,3B5wuUrMEi5yATD7on46hKfej3pfmd7t1RKgrsN3pump,0,0,0,0,0,0,0,1,1
152,ALON,8XtRWb4uAAJFMP4QQhoYYCWR6XXb7ybcCdiqPwz9s5WS,0,0,0,0,0,0,0,1,1
153,OIIAOIIA,VaxZxmFXV8tmsd72hUn22ex6GFzZ5uq9DVJ5wA5pump,0,0,0,0,0,0,0,1,1
154,nuit,2eXamy7t3kvKhfV6aJ6Uwe3eh8cuREFcTKs1mFKZpump,0,0,0,0,0,0,0,1,1
155,$URO,FvgqHMfL9yn39V79huDPy3YUNDoYJpuLWng2JfmQpump,0,0,0,0,0,0,0,1,1
156,LUCE,CBdCxKo9QavR9hfShgpEBG3zekorAeD7W1jfq2o3pump,0,0,0,0,0,0,0,1,1
157,buidl,3HfLqhtF5hR5dyBXh6BMtRaTm9qzStvEGuMa8Gx6pump,0,0,0,0,0,0,0,1,1
158,GME,8wXtPeU6557ETkp9WHFY1n1EcU6NxDvbAggHGsMYiHsB,0,0,0,0,0,0,0,1,1
159,MANEKI,25hAyBQfoDhfWx9ay6rarbgvWGwDdNqcHsXS3jQ3mTDJ,0,0,0,0,0,0,0,1,1
160,SIGMA,5SVG3T9CNQsm2kEwzbRq6hASqh1oGfjqTtLXYUibpump,0,0,0,0,0,0,0,1,1
161,YNE,7D1iYWfhw2cr9yBZBFE6nZaaSUvXHqG5FizFFEZwpump,0,0,0,0,0,0,0,1,1
162,$1,GHichsGq8aPnqJyz6Jp1ASTK4PNLpB5KrD6XrfDjpump,0,0,0,0,0,0,0,1,1
163,Bonkify,8w2PY5u2C53tcoSPN4KCjjuZRDEqhyddBNpsyBBLbonk,0,0,0,0,0,0,0,1,1
164,HAT,AxGAbdFtdbj2oNXa4dKqFvwHzgFtW9mFHWmd7vQfpump,0,0,0,0,0,0,0,1,1
165,CHEX,6dKCoWjpj5MFU5gWDEFdpUUeBasBLK3wLEwhUzQPAa1e,0,0,0,0,0,0,0,1,1
166,GRPH,9doRRAik5gvhbEwjbZDbZR6GxXSAfdoomyJR57xKpump,0,0,0,0,0,0,0,1,1
167,$BEER,AujTJJ7aMS8LDo3bFzoyXDwT3jBALUbu4VZhzZdTZLmG,0,0,0,0,0,0,0,1,1
168,FARTBOY,y1AZt42vceCmStjW4zetK3VoNarC1VxJ5iDjpiupump,0,0,0,0,0,0,0,1,1
169,MAIAR,G5e2XonmccmdKc98g3eNQe5oBYGw9m8xdMUvVtcZpump,0,0,0,0,0,0,0,1,1
170,SCF,GiG7Hr61RVm4CSUxJmgiCoySFQtdiwxtqf64MsRppump,0,0,0,0,0,0,0,1,1
171,NEUR,3N2ETvNpPNAxhcaXgkhKoY1yDnQfs41Wnxsx5qNJpump,0,0,0,0,0,0,0,1,1
172,vpos,JB699bKuBEUJiiXSgtaFQUkAwFmUuz5WAWbKoLLQbonk,0,0,0,0,0,0,0,1,1
173,AIXBT,14zP2ToQ79XWvc7FQpm4bRnp9d6Mp1rFfsUW3gpLcRX,0,0,0,0,0,0,0,1,1
174,EDWIN,GPrg1CgbBvAJS2SCuf9gF7NmQYsWudfyfWy5SUzypump,0,0,0,0,0,0,0,1,1
175,BRAINLET,8NNXWrWVctNw1UFeaBypffimTdcLCcD8XJzHvYsmgwpF,0,0,0,0,0,0,0,1,1
176,HAPPY,HAPPYwgFcjEJDzRtfWE6tiHE9zGdzpNky2FvjPHsvvGZ,0,0,0,0,0,0,0,1,1
177,MAX,oraim8c9d1nkfuQk9EzGYEUGxqL3MHQYndRw1huVo5h,0,0,0,0,0,0,0,1,1
178,Project89,Bz4MhmVRQENiCou7ZpJ575wpjNFjBjVBSiVhuNg1pump,0,0,0,0,0,0,0,1,1
179,OPUS,9JhFqCA21MoAXs2PTaeqNQp2XngPn1PgYr2rsEVCpump,0,0,0,0,0,0,0,1,1
180,LLM,98mb39tPFKQJ4Bif8iVg9mYb9wsfPZgpgN1sxoVTpump,0,0,0,0,0,0,0,1,1
181,ARIA,GhBPHgnNF99EThYxt4bxUfPX1hCPyAS72RCBgLjLpump,0,0,0,0,0,0,0,1,1
182,HARAMBE,Fch1oixTPri8zxBnmdCEADoJW2toyFHxqDZacQkwdvSP,0,0,0,0,0,0,0,1,1
183,CRIME,7M3gDRgozcumFsiTeXwjB8cYxpg7Q9R7rH7rkw2Fpump,0,0,0,0,0,0,0,1,1
184,USA,69kdRLyP5DTRkpHraaSZAQbWmAwzF9guKjZfzMXzcbAs,0,0,0,0,0,0,0,1,1
185,GIKO,3WPep4ufaToK1aS5s8BL9inzeUrt4DYaQCiic6ZkkC1U,0,0,0,0,0,0,0,1,1
186,YAPSTER,8CzPPqenpfRXvjE5DHfE3kMDgJhHwWZ1WXRzs44KsamW,0,0,0,0,0,0,0,1,1
187,AKA,4TwC4AiF1uUSHES2eBftGqemp6TqjEnKghqiH6dFpump,0,0,0,0,0,0,0,1,1
188,MOTHER,3S8qX1MsMqRbiwKg2cQyx7nis1oHMgaCuc9c4VfvVdPN,0,0,0,0,0,0,0,1,1
189,FLOYDAI,J7tYmq2JnQPvxyhcXpCDrvJnc9R5ts8rv7tgVHDPsw7U,0,0,0,0,0,0,0,1,1
190,Aimonica,FVdo7CDJarhYoH6McyTFqx71EtzCPViinvdd1v86Qmy5,0,0,0,0,0,0,0,1,1
191,MAD,madHpjRn6bd8t78Rsy7NuSuNwWa2HU8ByPobZprHbHv,0,0,0,0,0,0,0,1,1
192,BPAY,9aLzSdra8iP4xdvKKnErFxzWwe3R7groGaeGgsb5jREV,0,0,0,0,0,0,0,1,1
193,listen,Cn5Ne1vmR9ctMGY9z5NC71A3NYFvopjXNyxYtfVYpump,0,0,0,0,0,0,0,1,1
194,ELIZA,5voS9evDjxF589WuEub5i4ti7FWQmZCsAsyD5ucbuRqM,0,0,0,0,0,0,0,1,1
195,degenai,Gu3LDkn7Vx3bmCzLafYNKcDxv2mH7YN44NJZFXnypump,0,0,0,0,0,0,0,1,1
196,　,9qriMjPPAJTMCtfQnz7Mo9BsV2jAWTr2ff7yc3JWpump,0,0,0,0,0,0,0,1,1
197,STNK,43VWkd99HjqkhFTZbWBpMpRhjG469nWa7x7uEsgSH7We,0,0,0,0,0,0,0,1,1
198,WHISP,whispF7G9DHaojYHe2cdhRX5EMJzGBdqq7R57kL6inL,0,0,0,0,0,0,0,1,1
199,WOULD,J1Wpmugrooj1yMyQKrdZ2vwRXG5rhfx3vTnYE39gpump,0,0,0,0,0,0,0,1,1
200,Ban,9PR7nCP9DpcUotnDPVLUBUZKu5WAYkwrCUx9wDnSpump,0,0,0,0,0,0,0,1,1
201,AVB,6d5zHW5B8RkGKd51Lpb9RqFQSqDudr9GJgZ1SgQZpump,0,0,0,0,0,0,0,1,1
202,TETSUO,8i51XNNpGaKaj4G4nDdmQh95v4FKAxw8mhtaRoKd9tE8,0,0,0,0,0,0,0,1,1
203,aura,DtR4D9FtVoTX2569gaL837ZgrB6wNjj6tkmnX9Rdk9B2,0,0,0,0,0,0,0,1,1
204,glorp,FkBF9u1upwEMUPxnXjcydxxVSxgr8f3k1YXbz7G7bmtA,0,0,0,0,0,0,0,1,1
205,SELFIE,9WPTUkh8fKuCnepRWoPYLH3aK9gSjPHFDenBq2X1Czdp,0,0,0,0,0,0,0,1,1
206,BULLY,79yTpy8uwmAkrdgZdq6ZSBTvxKsgPrNqTLvYQBh1pump,0,0,0,0,0,0,0,1,1
207,ANTIRUG,ts3foLrNUMvwdVeit1oNeLWjYk7e4qsn8PqSsqRpump,0,0,0,0,0,0,0,1,1
208,mxyz,UCYaUNhgB2344N8Qpg4t712V9RHahcpTCejwXKspump,0,0,0,0,0,0,0,1,1
209,asscoin,UbCSotjZpnDYrFk8vydbJWxYEuoJiSptyujPojApump,0,0,0,0,0,0,0,1,1
210,FARM,5d3kw2KR7hfaja214tL9hqYSxFSoq9uDF9GB7GKboop,0,0,0,0,0,0,0,1,1
211,ATR,ATRLuHph8dxnPny4WSNW7fxkhbeivBrtWbY6BfB4xpLj,0,0,0,0,0,0,0,1,1
212,CAR,7oBYdEhV4GkXC19ZfgAvXpJWp2Rn9pm1Bx2cVNxFpump,0,0,0,0,0,0,0,1,1
213,BAM,CWY3XDTbN91sSmg4XR3ZgxAVgrhiFv4Ue8gUwwJLbonk,0,0,0,0,0,0,0,1,1
214,KOLIN,4q3Z58YxrZEAVMLtMwnm7eHtodSD3LSpSNt3pDnqpump,0,0,0,0,0,0,0,1,1
215,MTN,mtnc7NNSpAJuvYNmayXU63WhWZGgFzwQ2yeYWqemeta,0,0,0,0,0,0,0,1,1
216,FRIC,EsP4kJfKUDLfX274WoBSiiEy74Sh4tZKUCDjfULHpump,0,0,0,0,0,0,0,1,1
217,SC,6D7NaB2xsLd7cauWu1wKk6KBsJohJmP2qZH9GEfVi5Ui,0,0,0,0,0,0,0,1,1
218,nub,GtDZKAqvMZMnti46ZewMiXCa4oXF4bZxwQPoKzXPFxZn,0,0,0,0,0,0,0,1,1
219,TANK,GAMwtMB6onAvBNBQJCJFuxoaqfPH8uCQ2dewNMVVpump,0,0,0,0,0,0,0,1,1
220,CHIIKAWA,DHoadXCbf6TcadkcMGJ8kFRdDa2sXPQ1KrgodUDRpump,0,0,0,0,0,0,0,1,1
221,EKKO,89S9RdgynPq5odSRmcCDAzg26iYuRw4wqUmzMbjUpump,0,0,0,0,0,0,0,1,1
222,Rizzmas,85cQsFgbi8mBZxiPppbpPXuV7j1hA8tBwhjF4gKW6mHg,0,0,0,0,0,0,0,1,1
223,Crashout,6JGSHS9GrE9uG8ix63w3DPMYHrgrJ6J4QyHbBhAepump,0,0,0,0,0,0,0,1,1
224,DOGEAI,9UYAYvVS2cZ3BndbsoG1ScJbjfwyEPGxjE79hh5ipump,0,0,0,0,0,0,0,1,1
225,DIGIMON,WEmjxPMGXEW1Nvc4rCgRKiWHj1H1tvhPsKMw2yvpump,0,0,0,0,0,0,0,1,1
226,IQ,AsyfR3e5JcPqWot4H5MMhQUm7DZ4zwQrcp2zbB7vpump,0,0,0,0,0,0,0,1,1
227,WTF,AgDNMAi8r2QS1FQEeTHLsZSmkQKCK7xXP2bR7jQ2pump,0,0,0,0,0,0,0,1,1
228,DOLAN,4YK1njyeCkBuXG6phNtidJWKCbBhB659iwGkUJx98P5Z,0,0,0,0,0,0,0,1,1
229,AWR,Ai4CL1SAxVRigxQFwBH8S2JkuL7EqrdiGwTC7JpCpump,0,0,0,0,0,0,0,1,1
230,ZAILGO,GorvUUSkJGSzJUebM5W6berUkZ5pG8nmnn7tmk74pump,0,0,0,0,0,0,0,1,1
231,DOG,dog1viwbb2vWDpER5FrJ4YFG6gq6XuyFohUe9TXN65u,0,0,0,0,0,0,0,1,1
232,CAT,3joMReCCSESngJEpFLoKR2dNcChjSRCDtybQet5uSpse,0,0,0,0,0,0,0,1,1
233,Citadail,7h5AzpYTAnh4Gyux8Gqko5Fvx4AYQBZdkzHZ2CsBudvJ,0,0,0,0,0,0,0,1,1
234,USEDCAR,9gwTegFJJErDpWJKjPfLr2g2zrE3nL1v5zpwbtsk3c6P,0,0,0,0,0,0,0,1,1
235,LEA,8SpPaFLycx897D6sowPZkEkcNdDahzRZb5itr6D8pump,0,0,0,0,0,0,0,1,1
236,TRISIG,BLDiYcvm3CLcgZ7XUBPgz6idSAkNmWY6MBbm8Xpjpump,0,0,0,0,0,0,0,1,1
237,AAA,275FUEyp5o7TWo1dCDYJyprb4o2WBcxEQsvmt816pump,0,0,0,0,0,0,0,1,1
238,lola,4MeqZ8v3XbNVVX6B69XxXaymoTX6DbK8iZgaGngCbonk,0,0,0,0,0,0,0,1,1
239,HIBER,FHKiJEg2zmhv9DEeaXMSZa7R4P8BPFX5VTRrzrtJpump,0,0,0,0,0,0,0,1,1
240,boden,3psH1Mj1f7yUfaD5gh6Zj7epE8hhrMkMETgv5TshQA4o,0,0,0,0,0,0,0,1,1
241,SONIC,SonicxvLud67EceaEzCLRnMTBqzYUUYNr93DBkBdDES,0,0,0,0,0,0,0,1,1
242,INTERN,6UxB5HCuuNm2HoHCp4TFVkPPE38L5zktESYKZ7Q5RC3f,0,0,0,0,0,0,0,1,1
243,REALIS,EBGaJP7srpUUN8eRdta1MsojrNtweuHYsdP3P1TRpump,0,0,0,0,0,0,0,1,1
244,Quant,3an8rhdepsLCya22af7qDBKPbdomw8K4iCHXaA2Gpump,0,0,0,0,0,0,0,1,1
245,PYTHIA,CreiuhfwdWCN5mJbMJtA9bBpYQrQF2tCBuZwSPWfpump,0,0,0,0,0,0,0,1,1
246,PAYAI,E7NgL19JbN8BhUDgWjkH8MtnbhJoaGaWJqosxZZepump,0,0,0,0,0,0,0,1,1
247,Luigi,5XyKkFaJpAmsH4Tf2EFj3S61W3hC5cJhxNZQQ5h1pump,0,0,0,0,0,0,0,1,1
248,BNTY,6TcoT3vcexjsMuuLvS9DhBUrVVcoqBMHEppQGQLMpump,0,0,0,0,0,0,0,1,1
249,HYPER,8vBMibwpn8wpfYKbQ9xqzodymg3LjmYec2tSNGRy23K8,0,0,0,0,0,0,0,1,1
250,GNON,HeJUFDxfJSzYFUuHLxkMqCgytU31G6mjP4wKviwqpump,0,0,0,0,0,0,0,1,1
251,ESIM,3zJ7RxtzPahndBTEn5PGUyo9xBMv6MJP9J4TPqdFpump,0,0,0,0,0,0,0,1,1
252,XENO,Db7ZUaWTThwZy7bVhjn5Dda8D3fbbAhihcxPV4m9pump,0,0,0,0,0,0,0,1,1
253,PENG,A3eME5CetyZPBoWbRUwY3tSe25S6tb18ba9ZPbWk9eFJ,0,0,0,0,0,0,0,1,1
254,jailstool,AxriehR6Xw3adzHopnvMn7GcpRFcD41ddpiTWMg6pump,0,0,0,0,0,0,0,1,1
255,SENSUS,F8tDt7QRAYicWQPK5LTh8kZR4zKJPdTiEq5dwCcVpump,0,0,0,0,0,0,0,1,1
256,ZARA,73UdJevxaNKXARgkvPHQGKuv8HCZARszuKW2LTL3pump,0,0,0,0,0,0,0,1,1
257,PKIN,2RBko3xoz56aH69isQMUpzZd9NYHahhwC23A5F3Spkin,0,0,0,0,0,0,0,1,1
258,MUSKIT,9So52ugZh2BLBT3f7p61947q91uQh2DyvbfyMDeRpump,0,0,0,0,0,0,0,1,1
259,$horny,8AS9yeGsAwvTs9gCDKMmB2MgX8NiSvv4uppH61yqpump,0,0,0,0,0,0,0,1,1
260,DOGE,KQijDbNJ6rPCqhtXrfH6gKa5cH3a39At8vHq34nnPbF,0,0,0,0,0,0,0,1,1
261,Chud,6yjNqPzTSanBWSa6dxVEgTjePXBrZ2FoHLDQwYwEsyM6,0,0,0,0,0,0,0,1,1
262,TNSR,HHoXk7WursT9DLBBhHzBWBbuQkfvvoNyHKpJi61mpump,0,0,0,0,0,0,0,1,1
263,YzY,4NBTf8PfLH4oLFnwf3knv46FY9i5oXjDxffCetXRpump,0,0,0,0,0,0,0,1,1
264,SKBDI,DPaQfq5sFnoqw2Sh9WMmmASFL9LNu6RdtDqwE1tab2tB,0,0,0,0,0,0,0,1,1
265,DUCKAI,HFw81sUUPBkNF5tKDanV8VCYTfVY4XbrEEPiwzyypump,0,0,0,0,0,0,0,1,1
266,SVMAI,Cpzvdx6pppc9TNArsGsqgShCsKC9NCCjA2gtzHvUpump,0,0,0,0,0,0,0,1,1
267,LLJEFFY,83mCRQJzvKMeQd9wJbZDUCTPgRbZMDoPdMSx5Sf1pump,0,0,0,0,0,0,0,1,1
268,Y2K,8YiB8B43EwDeSx5Jp91VQjgBU4mfCgVvyNahadtzpump,0,0,0,0,0,0,0,1,1
269,$TOAD,FViMp5phQH2bX81S7Yyn1yXjj3BRddFBNcMCbTH8FCze,0,0,0,0,0,0,0,1,1
270,NC,B89Hd5Juz7JP2dxCZXFJWk4tMTcbw7feDhuWGb3kq5qE,0,0,0,0,0,0,0,1,1
271,retire,zGh48JtNHVBb5evgoZLXwgPD2Qu4MhkWdJLGDAupump,0,0,0,0,0,0,0,1,1
272,Mog,26VfKb7jjtdEdvfovoBijScoZmJbWWasFZkgfUD5w7cy,0,0,0,0,0,0,0,1,1
273,BUCK,FLqmVrv6cp7icjobpRMQJMEyjF3kF84QmC4HXpySpump,0,0,0,0,0,0,0,1,1
274,ASYM,DNMTk67urDBxEEVRx9HjVzCVu8en4Kgg5HfZy3E6pump,0,0,0,0,0,0,0,1,1
275,SAVE,SAVEaeeqeXNKYb4Lyx28DkUms5gyZ76vGa6fCfdzWfK,0,0,0,0,0,0,0,1,1
276,GEOD,7JA5eZdCzztSfQbJvS8aVVxMFfd81Rs9VvwnocV1mKHu,0,0,0,0,0,0,0,1,1
277,SEND,SENDdRQtYMWaQrBroBrJ2Q53fgVuq95CV9UPGEvpCxa,0,0,0,0,0,0,0,1,1
278,NPC,BeGY8KqKxboEwRbJd1q9H2K829jS4Rc5dEyNMYXCbV5p,0,0,0,0,0,0,0,1,1
279,GUAC,AZsHEMXd36Bj1EMNXhowJajpUXzrKcK57wW4ZGXVa7yR,0,0,0,0,0,0,0,1,1
280,momo,CHVggq5Bu2UKLB1MQtLciDV3UKv5hwLkJwA14egApump,0,0,0,0,0,0,0,1,1
281,wPOND,3JgFwoYV74f6LwWjQWnr3YDPFnmBdwQfNyubv99jqUoq,0,0,0,0,0,0,0,1,1
282,Qude,3MyaQBG7y3SHLQZa282Jh2xtB2TZKHGzNp1CuZ4Cpump,0,0,0,0,0,0,0,1,1
283,KWEEN,DEf93bSt8dx58gDFCcz4CwbjYZzjwaRBYAciJYLfdCA9,0,0,0,0,0,0,0,1,1
284,Neiro,CTJf74cTo3cw8acFP1YXF3QpsQUUBGBjh2k2e8xsZ6UL,0,0,0,0,0,0,0,1,1
285,KACY,6QSVGUEyBZWRshnXKhS96NQ97vGWiTu61SyHLAbYpump,0,0,0,0,0,0,0,1,1
286,LIMBO,5UAMZkfNmuVcKzr2wo8Jqw4R1k8vfdAVJNN6h3bVpump,0,0,0,0,0,0,0,1,1
287,miharu,6tVZVjcppH2BZ9Xj5yFU1Zt34m2rYcyDqqpSeMDZpump,0,0,0,0,0,0,0,1,1
288,pep ,Zc4uJVrHC2APe9qKwBD11Gg4BbvQr3naM8f7Wiopump,0,0,0,0,0,0,0,1,1
289,UBC,9psiRdn9cXYVps4F1kFuoNjd2EtmqNJXrCPmRppJpump,0,0,0,0,0,0,0,1,1
290,AIOS,5QS7RcHfGUa2ZtrovPvEJMB9coqroiT7H48dPSwFpump,0,0,0,0,0,0,0,1,1
291,BONKBOY,BEyp5W9oQosUDD2hPt2Qeg6fuAkNUbnvR6ZJhD8Ybonk,0,0,0,0,0,0,0,1,1
292,WOLF,Faf89929Ni9fbg4gmVZTca7eW6NFg877Jqn6MizT3Gvw,0,0,0,0,0,0,0,1,1
293,PEPECAT,CRAMvzDsSpXYsFpcoDr6vFLJMBeftez1E7277xwPpump,0,0,0,0,0,0,0,1,1
294,FOREST,BoAQaykj3LtkM2Brevc7cQcRAzpqcsP47nJ2rkyopump,0,0,0,0,0,0,0,1,1
295,supercycle,2G8LH53fcr3aCrEsmAo73eunbZRbyjKrGH5qmur6pump,0,0,0,0,0,0,0,1,1
296,VIRAL,HW7D5MyYG4Dz2C98axfjVBeLWpsEnofrqy6ZUwqwpump,0,0,0,0,0,0,0,1,1
297,ATLAS,ATLASXmbPQxBUYbxPsV97usA3fPQYEqzQBUHgiFCUsXx,0,0,0,0,0,0,0,1,1
298,GINNAN,GinNabffZL4fUj9Vactxha74GDAW8kDPGaHqMtMzps2f,0,0,0,0,0,0,0,1,1
299,HEGE,ULwSJmmpxmnRfpu6BjnK6rprKXqD5jXUmPpS1FxHXFy,0,0,0,0,0,0,0,1,1
300,dreams,GMzuntWYJLpNuCizrSR7ZXggiMdDzTNiEmSNHHunpump,0,0,0,0,0,0,0,1,1
301,CAT,4HBQm2EhdpUWZkTYxttxNDnsoWi5beRAGWHpjVo8pump,0,0,0,0,0,0,0,1,1
302,GYAT,EfgEGG9PxLhyk1wqtqgGnwgfVC7JYic3vC9BCWLvpump,0,0,0,0,0,0,0,1,1
303,FAFO,BP8RUdhLKBL2vgVXc3n7oTSZKWaQVbD8S6QcPaMVBAPo,0,0,0,0,0,0,0,1,1
304,CATANA,GmbC2HgWpHpq9SHnmEXZNT5e1zgcU9oASDqbAkGTpump,0,0,0,0,0,0,0,1,1
305,W,85VBFQZC9TZkfaptBWjvUw7YbZjy52A6mjtPGjstQAmQ,0,0,0,0,0,0,0,1,1
306,VIBE,8tSeXYSXzFvaDX1nbWrEFFaFuPHuWqpzksKYxQPvpump,0,0,0,0,0,0,0,1,1
307,RBT,65nTNuJGHme4PQvKQyJykKp1bJAkK4A8Q66sd2yBWugf,0,0,0,0,0,0,0,1,1
308,meow,BUhS5coXEt9hcxN3JSpGYUWSKbNo96RsKu52LcMo12rf,0,0,0,0,0,0,0,1,1
309,J,Jambjx1oJoZNBZiqbiF9TqgatEZPdyfvYa9WVsKNzUh,0,0,0,0,0,0,0,1,1
310,GARY,5SRer48NRfmhsut1n4ZwSAVUJAErNjdKcXTMVaxdpump,0,0,0,0,0,0,0,1,1
311,APY,yLUD35WTiPLEY6DUqEj5W2JVXF2DfKB5arPkKJXpump,0,0,0,0,0,0,0,1,1
312,WBS,GJgHsc1HU4ibmzW6oWQr8L2RRT95ATc1BoNuLkp94AwU,0,0,0,0,0,0,0,1,1
313,TgMetrics,8tdzC7mFKhmfPg3KdSBafHqH7jgi3CvKomfj3Hhupump,0,0,0,0,0,0,0,1,1
314,YAKUB,7iagMTDPfNSR5zVcERT1To7A9eaQoz58dJAh42EMHcCC,0,0,0,0,0,0,0,1,1
315,SENTAI,CXPLyc3EX8WySgEXLbjhuA7vy8EKQokVJYQuJm2jpump,0,0,0,0,0,0,0,1,1
316,DRIP,FrkF4GNdqKZLuzWXTk1imqMJRGK9uxCRE3PaBKZbpump,0,0,0,0,0,0,0,1,1
317,Pepe,B5WTLaRwaUQpKk7ir1wniNB6m5o8GgMrimhKMYan2R6B,0,0,0,0,0,0,0,1,1
318,FABEL,FABELyo4mGW399dBZJhMeD988o2hEPu3B3LNWtuW4ueN,0,0,0,0,0,0,0,1,1
319,WILD,FVvd3s9dZYzsgitkJyWbmycSc8MkYZjyF7oqAEvmSxTZ,0,0,0,0,0,0,0,1,1
320,COOK,G8Vy25NzjRmuQtnN35xF7j3X2Z1TrV39XijZu8Mg4w8n,0,0,0,0,0,0,0,1,1
321,Fullsend,AshG5mHt4y4etsjhKFb2wA2rq1XZxKks1EPzcuXwpump,0,0,0,0,0,0,0,1,1
322,Manyu,CS7LmjtuugEUWtFgfyto79nrksKigv7Fdcp9qPuigdLs,0,0,0,0,0,0,0,1,1
323,KHAI,3TWgDvYBL2YPET2LxnWAwsMeoA8aL4DutNuwat2pKCjC,0,0,0,0,0,0,0,1,1
324,APPLE,H33XL6HHDReCVRgSApZpsXM7Hy7JGyLztRJaGxjapump,0,0,0,0,0,0,0,1,1
325,SPORE,8bdhP1UQMevciC9oJ7NrvgDfoW8XPXPfbkkm6vKtMS7N,0,0,0,0,0,0,0,1,1
326,T3AI,CckLtcfEtsYzg8sUrVBBrFKt16iExpvEurc1dhKmmoon,0,0,0,0,0,0,0,1,1
327,fxn,92cRC6kV5D7TiHX1j56AbkPbffo9jwcXxSDQZ8Mopump,0,0,0,0,0,0,0,1,1
328,stSOL,7dHbWXmci3dT8UFYWYZweBLXgycu7Y3iL6trKn1Y7ARj,0,0,0,0,0,0,0,1,1
329,$daumen,T1oYbAejEESrZLtSAjumAXhzFqZGNxQ4kVN9vPUoxMv,0,0,0,0,0,0,0,1,1
330,AROK,Cwe5k2iEy8dt7vCGY93GBrqQS4FWyac6pQjvjLcPD6qp,0,0,0,0,0,0,0,1,1
331,xencat,7UN8WkBumTUCofVPXCPjNWQ6msQhzrg9tFQRP48Nmw5V,0,0,0,0,0,0,0,1,1
332,BGG1,62CsquahdQ3J286G9UTqV6whxryfihdV4yg7kSJnpump,0,0,0,0,0,0,0,1,1
333,BMT,FQgtfugBdpFN7PZ6NdPrZpVLDBrPGxXesi4gVu3vErhY,0,0,0,0,0,0,0,1,1
334,NOVA,AxDKAyDsC7p8C5MeDFX6FKV2MPCSGwzkRfGY2qZZpump,0,0,0,0,0,0,0,1,1
335,NOS,nosXBVoaCTtYdLvKY6Csb4AC8JCdQKKAaWYtx2ZMoo7,0,0,0,0,0,0,0,1,1
336,wDOG,GYKmdfcUmZVrqfcH1g579BGjuzSRijj3LBuwv79rpump,0,0,0,0,0,0,0,1,1
337,JHH,C2nneybCJP2i6mk6Nu6SfTcxoNXNLjngnzwDgje2eNrr,0,0,0,0,0,0,0,1,1
338,r/snoofi,7M9KJcPNC65ShLDmJmTNhVFcuY95Y1VMeYngKgt67D1t,0,0,0,0,0,0,0,1,1
339,BBL,GangK9z6ebVdonVRAbMwsQzy2ougUAK5x1GQ7Uf7daos,0,0,0,0,0,0,0,1,1
340,NAI,Fxm6tJ2khHbLVcSgnYUqg9FiBduVRLEvdQR67dvQ3eGp,0,0,0,0,0,0,0,1,1
341,BIOS,DWDnYfhVMnNBbWz4uEVvLVZLdYQoSuBosSU2vmHSpump,0,0,0,0,0,0,0,1,1
342,WHALES,GTH3wG3NErjwcf7VGCoXEXkgXSHvYhx5gtATeeM5JAS1,0,0,0,0,0,0,0,1,1
343,KNOT,7RDvypx3p9EWq4nZZKux1ZQAc7DUWXpHTVKxCCnupump,0,0,0,0,0,0,0,1,1
344,BITCOIN,CTgiaZUK12kCcB8sosn4Nt2NZtzLgtPqDwyQyr2syATC,0,0,0,0,0,0,0,1,1
345,FIGHT,KMnDBXcPXoz6oMJW5XG4tXdwSWpmWEP2RQM1Uujpump,0,0,0,0,0,0,0,1,1
346,scihub,GxdTh6udNstGmLLk9ztBb6bkrms7oLbrJp5yzUaVpump,0,0,0,0,0,0,0,1,1
347,FatCat,AHdVQs56QpEEkRx6m8yiYYEiqM2sKjQxVd6mGH12pump,0,0,0,0,0,0,0,1,1
348,PBTC,HfMbPyDdZH6QMaDDUokjYCkHxzjoGBMpgaUvpLWGbF5p,0,0,0,0,0,0,0,1,1
349,TrackedBio,7t1T28iMh5GsW8oTMx52x3u3M3hDbaY8psbL3rZ6BMrn,0,0,0,0,0,0,0,1,1
350,Elon4AfD,BkYAUVMar1gLwuFLv2n5cmB6HhcNtvd86kU3gqAypump,0,0,0,0,0,0,0,1,1
351,SOLNIC,DeaKMzAeZja3Mh5okZE6WUvygLP3Lfuvm6Rg78HqXTz9,0,0,0,0,0,0,0,1,1
352,SCOUT,GLPdQwGtjcynj3RLraenPeR9v1REnpdyuciPBpVipump,0,0,0,0,0,0,0,1,1
353,Beenz,9sbrLLnk4vxJajnZWXP9h5qk1NDFw7dz2eHjgemcpump,0,0,0,0,0,0,0,1,1
354,HUAHUA,77RBCP95AFT9XRsx4xuGUHjBQsjcatGYCZ2VXx8Epump,0,0,0,0,0,0,0,1,1
355,DRUGS,CX9YDTED9TWgVXVoFy8JL9gSSAEWcTv4mzjLSv17LQsj,0,0,0,0,0,0,0,1,1
356,DAILYBET,7fb49Wrtx5xksfzGxsa8Y1zV1CCyeimmysGYKkirzCUm,0,0,0,0,0,0,0,1,1
357,EVAN,GFUgXbMeDnLkhZaJS3nYFqunqkFNMRo9ukhyajeXpump,0,0,0,0,0,0,0,1,1
358,REGENT,6HgJHzGpq3fSLmkepsaC8F3VtpUWfXcG4hmUaf4Vpump,0,0,0,0,0,0,0,1,1
359,MOSS,9bNUjxEvygayUE2ZRN5zh9Hhjh6cN6GPK4zoHzXXpump,0,0,0,0,0,0,0,1,1
360,xavier,69G8CpUVZAxbPMiEBrfCCCH445NwFxH6PzVL693Xpump,0,0,0,0,0,0,0,1,1
361,DTF,EmhVWGUa2Q9PN4QjzFjvuVyzFKg4s3ERwjKR9dQDpump,0,0,0,0,0,0,0,1,1
362,daige,HsNx7RirehVMy54xnFtcgCBPDMrwNnJKykageqdWpump,0,0,0,0,0,0,0,1,1
363,Stoic,62mETtNRaVY5iNsJr5YexsbVg1uyyoLwtoWLSnjApump,0,0,0,0,0,0,0,1,1
364,∅,J2bUGZDxRDpsVfjZqKwn6yYCUKFmqzHgt8UajhGtpump,0,0,0,0,0,0,0,1,1
365,GCATS,UbESBaztbkxJRWxPcfDeK8Fft15igTbrv3sed1bsegM,0,0,0,0,0,0,0,1,1
366,speed,5Wd2ALxQfnpgQKCyH4WL9giBiiuuLuJs84CJxfQccvmN,0,0,0,0,0,0,0,1,1
367,saint,EQs4DEeaSyrhRPM6JPsf2ptLf4EHkcGXB7ybeufxpump,0,0,0,0,0,0,0,1,1
368,WAVE,5XUUN5z1yBPEwoLztu4qMenmFe6GQnZptBFsnFnEpump,0,0,0,0,0,0,0,1,1
369,TRENCH,GACpABn18xqiSJbD9ZEyArJDT9RHRMUut5nK9Z9Spump,0,0,0,0,0,0,0,1,1
370,HAMMY,26KMQVgDUoB6rEfnJ51yAABWWJND8uMtpnQgsHQ64Udr,0,0,0,0,0,0,0,1,1
371,Toshi,8WzDFPNjUSV7ZPpNiqKY8NcWH9J4tDSgSeifp6Kboop,0,0,0,0,0,0,0,1,1
372,GrokCoin,3MadWqcN9cSrULn8ikDnan9mF3znoQmBPXtVy6BfSTDB,0,0,0,0,0,0,0,1,1
373,JASPER,FMhxJLNmbw6UVKN3ANDKhFdgdEgqJiUEDnBgtDW4pump,0,0,0,0,0,0,0,1,1
374,monk,FYa25XnBsXQXAdTnsyKBKd5gZ1VZhChBRF57CqfRxJZX,0,0,0,0,0,0,0,1,1
375,Bakso,FqnqT1GKi8S4Gyk5wnSKvJjXW48HqGtKJt9WS4o2pump,0,0,0,0,0,0,0,1,1
376,GREED 3,CPBQqugWWCcyehezHf4uSJtET2kmYNqPuhyb57H5pump,0,0,0,0,0,0,0,1,1
377,JAIL,8cNmp9T2CMQRNZhNRoeSvr57LDf1kbZ42SvgsSWfpump,0,0,0,0,0,0,0,1,1
378,KIKI,HhCLbkW6FwhriTkk81W8tYstsRCLUu6Y7Je1SQjVpump,0,0,0,0,0,0,0,1,1
379,BARRON,ECY31gWwxy4s2VnMkYhmqDkrV75KrwR2yTtsnrnSpump,0,0,0,0,0,0,0,1,1
380,BETTY,6N7CrWe6qNt27G4sHXcjQMMy6btKRb7i9n4RYkKboop,0,0,0,0,0,0,0,1,1
381,TRUST,EqeEBGHQhQy6SqeaJcnqAsNs3qaG19sdF89Xsarpump,0,0,0,0,0,0,0,1,1
382,koto,BfdVHnbt9LSNAFCZU9kvTjbrH3jX78sv2siLKGQ7pump,0,0,0,0,0,0,0,1,1
383,tremp,FU1q8vJpZNUrmqsciSjp8bAKKidGsLmouB8CBdf8TKQv,0,0,0,0,0,0,0,1,1
384,SHRUB,Em8WF6pg9FmKDy1dXkWhXxpgmfhj5Bes3ZCE8PCCJSHt,0,0,0,0,0,0,0,1,1
385,TURBO,2Dyzu65QA9zdX1UeE7Gx71k7fiwyUK6sZdrvJ7auq5wm,0,0,0,0,0,0,0,1,1
386,Mundi,4BBjpGwLgGmUxtT82YFK9xMhcvyy3zgf3HpxTRip1YoU,0,0,0,0,0,0,0,1,1
387,RIO,HELn8rSM1rp8vAjNH4NYXzX6FvCbwWMGqLfaMgiBnZFV,0,0,0,0,0,0,0,1,1
388,SHEGEN,2KgAN8nLAU74wjiyKi85m4ZT6Z9MtqrUTGfse8Xapump,0,0,0,0,0,0,0,1,1
389,blormmy,71AZt4P5kc5vpfTJR1HjNbMzD84G7vxam4DtL3kJpump,0,0,0,0,0,0,0,1,1
390,Jarvis,CmpuL8k9KY3NrpfDRoJrVmuwd1zRMFRUxX55avyGpump,0,0,0,0,0,0,0,1,1
391,VHS ,5e41GfrQwTP74LgGt6WP9kw6xa1jQhAERCjnFKf74y52,0,0,0,0,0,0,0,1,1
392,FATHA,EWWDzCwq4UYW3ERTXbdgd6X6sdkKHFMJqRz1ZiFcpump,0,0,0,0,0,0,0,1,1
393,XAND,XANDuUoVoUqniKkpcKhrxmvYJybpJvUxJLr21Gaj3Hx,0,0,0,0,0,0,0,1,1
394,ADX,AuQaustGiaqxRvj2gtCdrd22PBzTn8kM3kEPEkZCtuDw,0,0,0,0,0,0,0,1,1
395,COST,Av6qVigkb7USQyPXJkUvAEm4f599WTRvd75PUWBA9eNm,0,0,0,0,0,0,0,1,1
396,CALVIN,229vWzBTiUNdraYpVtSH9usTwwVxcyPDbBWf1zEPpump,0,0,0,0,0,0,0,1,1
397,YE,CQSPU12VppGZB7LeRkEaKzrRBzvo1LyA9mR2ydiwKHaL,0,0,0,0,0,0,0,1,1
398,EARL,BjjvKX5k7gQoGRmvQAA5WMr7EkQ2cirGTSGxAznDpump,0,0,0,0,0,0,0,1,1
399,CHINA,E2BGnzHdJNUBtAVR7EyQMuEMHqgv65JL8J9ZyqyXUVvA,0,0,0,0,0,0,0,1,1
400,NYAN,49ztDWXk7qEfz8Y1t8owmhLhewiA3ptVNPpRGAjRd8Wh,0,0,0,0,0,0,0,1,1
401,e/acc,GqmEdRD3zGUZdYPeuDeXxCc8Cj1DBmGSYK97TCwSpump,0,0,0,0,0,0,0,1,1
402,ROSS,2q8Y8rubbsaaA3faq8Ytsk382JXgtKdn23qjNXhSpump,0,0,0,0,0,0,0,1,1
403,DEGOD,degod39zqQWzpG6h4b7SJLLTCFE6FeZnZD8BwHBFxaN,0,0,0,0,0,0,0,1,1
404,POLIS,poLisWXnNRwC6oBu1vHiuKQzFjGL4XDSu4g9qjz9qVk,0,0,0,0,0,0,0,1,1
405,MBS,Fm9rHUTF5v3hwMLbStjZXqNBBoZyGriQaFM6sTFz3K8A,0,0,0,0,0,0,0,1,1
406,ZODs,J1ow1c3ExcJYQmgNFRPfCp1LMYRf6P3A33isDcBmpump,0,0,0,0,0,0,0,1,1
407,RHUN,Gh8yeA9vH5Fun7J6esFH3mV65cQTBpxk9Z5XpzU7pump,0,0,0,0,0,0,0,1,1
408,L24AI,CMDKx3TGVJryRDQ2MnAkTRNSyguQLrKgiCPZ3Jc6r8r2,0,0,0,0,0,0,0,1,1
409,Ainti,BAezfVmia8UYLt4rst6PCU4dvL2i2qHzqn4wGhytpNJW,0,0,0,0,0,0,0,1,1
410,KWANT,9Yt5tHLFB2Uz1yg3cyEpTN4KTSWhiGpKxXPJ8HX3hat,0,0,0,0,0,0,0,1,1
411,tooker,9EYScpiysGnEimnQPzazr7Jn9GVfxFYzgTEj85hV9L6U,0,0,0,0,0,0,0,1,1
412,BUNKER,8NCievmJCg2d9Vc2TWgz2HkE6ANeSX7kwvdq5AL7pump,0,0,0,0,0,0,0,1,1
413,ONLYBLINK,on1ymEH2bpWnhkten2jibzDVhaxJ8RpyWYwS61aQ7M4,0,0,0,0,0,0,0,1,1
414,Duo,KFTSxPQxDV1wGjEvzKHWD7mG6e9TsMVq4eF4mQppump,0,0,0,0,0,0,0,1,1
415,XWH,7AJ1KjzjstMnQGzZk1HAKx2atmvvRqWvmRbdYmnviryq,0,0,0,0,0,0,0,1,1
416,SNP500,8vSwZHKP5WJ8ov6awAntB31Kuyh6NYVwi3qmyZsiivRE,0,0,0,0,0,0,0,1,1
417,LLD,GwKKPsJdY5oWMJ8RReWLcvb82KzW6FKy2bKoYW7kHr16,0,0,0,0,0,0,0,1,1
418,TJRM,4AdDFsG1xzz1L7zKGo2fbiqv256Z92u8uCcJCgYuTBLo,0,0,0,0,0,0,0,1,1
419,NiggaButt,8fZL148nnC168RAVCZh4PkjvMZmxMEfMLDhoziWVPnqf,0,0,0,0,0,0,0,1,1
420,CRYING,Ep5tnKTSkLDeQ12ctS3RhQNcbcApkcyJcGPgHh4dpump,0,0,0,0,0,0,0,1,1
421,300BAUD,7Yg9Lzgsvjy49mf3LdGyfmn2tT2rGBDUc77267SUpump,0,0,0,0,0,0,0,1,1
422,coby,8WnQQRbuEZ3CCDbH5MCVioBbw6o75NKANq9WdPhBDsWo,0,0,0,0,0,0,0,1,1
423,HEEHEE,9dLuVbJMd4ZpTpFgmaFHAGSsFwVjtcnzFWaLAA1expHg,0,0,0,0,0,0,0,1,1
424,ORCA,orcaEKTdK7LKz57vaAYr9QeNsVEPfiu6QeMU1kektZE,0,0,0,0,0,0,0,1,1
425,TrenchAI,AaWVpk6eZbgBfVbq1UfXw3EXBmAvw4QXov1xHuG7pump,0,0,0,0,0,0,0,1,1
426,CATG,DqrcZRHM9JuCUhnLyaWF7rLLjxE5h3MbiG7iferUpump,0,0,0,0,0,0,0,1,1
427,VNTR,4JFcUJ1HfFKz2F8thdu2frk558EjrLvKEmeMq1ZM2xBP,0,0,0,0,0,0,0,1,1
428,SSR,7d5uLATMiAoRC1n9yNc7VCrhx44H6bjEzDx7Gxuhpump,0,0,0,0,0,0,0,1,1
429,$GARY,8c71AvjQeKKeWRe8jtTGG1bJ2WiYXQdbjqFbUfhHgSVk,0,0,0,0,0,0,0,1,1
430,symx,Fu4jQQpUnECSVQrVfeeVPpQpXQffM75LL328EJPtpump,0,0,0,0,0,0,0,1,1
431,gomu,Bx74hpFiaiBbSonrjyqxjGfAA7gRxM2CeKiy31uN6biR,0,0,0,0,0,0,0,1,1
432,SUMMIT,A3vBwL3Pd6nkBqVo87D6TLWYG4ekWuDeqCoLFeyvRMcb,0,0,0,0,0,0,0,1,1
433,CHEEMS,3FoUAsGDbvTD6YZ4wVKJgTB76onJUKz7GPEBNiR5b8wc,0,0,0,0,0,0,0,1,1
434,isaac,GTiMaW6FNPLrWNVLYk5KkLApxiHvCwbGr9KdueGypump,0,0,0,0,0,0,0,1,1
435,WORM,DwDtUqBZJtbRpdjsFw3N7YKB5epocSru25BGcVhfcYtg,0,0,0,0,0,0,0,1,1
436,HTERM,BDW8YHasD3NSDjSHU9Xy6KXtshGayMGQfj5bJpLcpump,0,0,0,0,0,0,0,1,1
437,RAPR,RAPRz9fd87y9qcBGj1VVqUbbUM6DaBggSDA58zc3N2b,0,0,0,0,0,0,0,1,1
438,BWT,EmBBhcqgm2acaXv9dXQFyDZDkhL4YMoWnGdHaMQJpump,0,0,0,0,0,0,0,1,1
439,LI,HhUVkZ1qz8vfMqZDemLyxBFxrHFKVSYAk7a6227Lpump,0,0,0,0,0,0,0,1,1
440,BIG,Foot4fxy8CHxM37W8BeHwK6aLd8VH2yHTFu43KCxbCqc,0,0,0,0,0,0,0,1,1
441,FUKU,2KchKijPuwnwC92LPWVjFjRwB3WxKtzx9bbXZ7kRpump,0,0,0,0,0,0,0,1,1
442,Cheese,AbrMJWfDVRZ2EWCQ1xSCpoVeVgZNpq1U2AoYG98oRXfn,0,0,0,0,0,0,0,1,1
443,HENTAI6900,69veVD4oo3QbJzXrAH7Rans8sue68AsgYyirWUrxSQUy,0,0,0,0,0,0,0,1,1
444,Deal,A6qrLQUcnWE8ZHgScmxhiTpMs4EmAkZd2PErHFwCq1ML,0,0,0,0,0,0,0,1,1
445,alpha,Cg93SZJkHePybZqGDuyXLf5Ag5sB2cpWfHUG8wNPpump,0,0,0,0,0,0,0,1,1
446,CUR,8TbsZ3yH1mBHytVpmMn4qED2UeF3FgWUVt1pd5RBpump,0,0,0,0,0,0,0,1,1
447,JPOW,orairHM3Yw2PbTfCty1PXy7tEUx3uBMfjouNbm4KnRJ,0,0,0,0,0,0,0,1,1
448,STONES,2xK7SDPUY1oCwch8G8guUPtTSGiAQCbZykR5Y4dCpump,0,0,0,0,0,0,0,1,1
449,ITMT,AATECgWF4KjALbpgUXjabqFKHmdtjWdfdFNzCH3ipump,0,0,0,0,0,0,0,1,1
450,TIRED,5ZMUboLJUeneKouqrqu4jeLE68vX68ehE5qprV3Upump,0,0,0,0,0,0,0,1,1
451,ENT,ENTxR2RP8NtvhXzMNFCxE1HazzdV9x7SuZqGyAb4jdED,0,0,0,0,0,0,0,1,1
452,POWSCHE,8CkiSHHJDHJV4LUoiRMLUhqG58cUkbyJRtcP4Z3mCXNf,0,0,0,0,0,0,0,1,1
453,FUNGI,3u4XvCjmTmQmcvjoxo1z8y3wnRdtnCuv6N9WkiE6FJvH,0,0,0,0,0,0,0,1,1
454,ASSCOIN,G3EDZoS49NRVKP8X1HggHZJueJeR8d2izUHeXdV3pump,0,0,0,0,0,0,0,1,1
455,MANA,Bw5K8eZaf361uDLHgX2UUn1PNfC7XtgQVvY9sSappump,0,0,0,0,0,0,0,1,1
456,RIFT,jUpa2aDCzvdR9EF4fqDXmuyMUkonPTohphABLmRkRFj,0,0,0,0,0,0,0,1,1
457,Idiot,28YzheH23A58kUGPpEvwyE4kh5iU4FQAHnsUxYY4SNtQ,0,0,0,0,0,0,0,1,1
458,$WHISKEY,9UNqoPEXXxEnEphmyYsZYdL5dnmAUtdiKRUchpnUF5Ph,0,0,0,0,0,0,0,1,1
459,BETH,7uJrMsDN2Wxdc3VAq1iK9N5AHaTA7wUpbm1wqRonpump,0,0,0,0,0,0,0,1,1
460,gooch coin,e8NFqLCMJBfDTUUARoniADgQtSEFmZNBksPxYzepump,0,0,0,0,0,0,0,1,1
461,OI,AKzAhPPLMH5NG35kGbgkwtrTLeGyVrfCtApjnvqAATcm,0,0,0,0,0,0,0,1,1
462,autism,BkVeSP2GsXV3AYoRJBSZTpFE8sXmcuGnRQcFgoWspump,0,0,0,0,0,0,0,1,1
463,FYBN,BXNGghGbqrt2PcM3Y2Une5fD4kbU6VVSPC4uPjf8pump,0,0,0,0,0,0,0,1,1
464,AGENCY,5UmDWgyLV1JBg8Jr8NwyezXdQkiU3vHGJu2efm7Cpump,0,0,0,0,0,0,0,1,1
465,UNIPCS,E3enwdJowhDeRe3f7mMwAZGVkJ5aWEtPUGRusP2Jpump,0,0,0,0,0,0,0,1,1
466,piin,piinKrjeiUVwhnXzsgNCV2aVGsBc4GwHQ9eCtkAgcTw,0,0,0,0,0,0,0,1,1
467,CHATOSHI,Bhu2wBWxfWkRJ6pFn5NodnEvMCqj9DLfCU5qMvt7pump,0,0,0,0,0,0,0,1,1
468,RICH,GRFK7sv4KhkMzJ7BXDUBy4PLyZVBeXuW1FeaT6Mnpump,0,0,0,0,0,0,0,1,1
469,URKO,AXGmqhcKcPC4bC7vNpxGtu5oEwoEEnyeQUdw9YwYWF1q,0,0,0,0,0,0,0,1,1
470,,GjWBV4Z3HVEQKQB9BCwou1KiUzKs6j2fSohUtGGAiPD7,0,0,0,0,0,0,0,1,1
471,VOID,6gh8b2mqUrVb6Ew8Mwt89tNyN9keCDNstzT5cdp5pump,0,0,0,0,0,0,0,1,1
472,MWOR,EoRe4xECTe9imaYtwfdmrGoinD2S1N5yMeu1LrjQpump,0,0,0,0,0,0,0,1,1
473,RAT,3vJenGaGsuKG5shPhi7rjnuy3MV6xjmBTGjYqYzXpump,0,0,0,0,0,0,0,1,1
474,EYE,2YxixFk9sdoB9BPXpkeyW53fE3Kqo9U1mQ46S3z2bEYE,0,0,0,0,0,0,0,1,1
475,NGNF,CXcWiHFDM1J8RHfAuzor1YGSk6BxGKFY5kstjUZjpump,0,0,0,0,0,0,0,1,1
476,000,CVU6QRwpHz94UGyPFFehm1G1sFYRH7xDk9UhZ9RApump,0,0,0,0,0,0,0,1,1
477,ZACK,8vCAUbxejdtaxn6jnX5uaQTyTZLmXALg9u1bvFCAjtx7,0,0,0,0,0,0,0,1,1
478,Mizuki,9XS6ayT8aCaoH7tDmTgNyEXRLeVpgyHKtZk5xTXpump,0,0,0,0,0,0,0,1,1
479,WING,3UYS3XXYC9yWvNyBWFKqqb5w9YQfX65RQzoAKd8jEUCB,0,0,0,0,0,0,0,1,1
480,LORE,BYMCXiiA4om347ChR4t6bYHzkKJwnULLAg72BeDdpump,0,0,0,0,0,0,0,1,1
481,Focai,5qsZAnWuR7vMJbiznrJEY2ddVqZXjNYmFvR3eXSxpump,0,0,0,0,0,0,0,1,1
482,MOONDOG,7gMxpJ5GULbmpqafk86KiRAaUumZHNSBV8VGnFJp6h3G,0,0,0,0,0,0,0,1,1
483,BBC,ES1KLhatf4uiDs4Gt5MJkNMCKdYzcwaJnKWt5fTn1ca2,0,0,0,0,0,0,0,1,1
484,SHARE,E6Eg7Esj5tfSwkbDGdrzhrotqptv7ghJNarLZ9rbHDSG,0,0,0,0,0,0,0,1,1
485,DEEBO,AzC1u8NPdpS6DVBs8Mv3P6egZ2AhN9KaGaY64xVMpump,0,0,0,0,0,0,0,1,1
486,BIRDFLU,EUxS8Kqvbe8zDr8bG1RYtgjVNzEhMTG6B6H3WwrCHfwA,0,0,0,0,0,0,0,1,1
487,AABL,ENoD8J2J6wNHkcJkvVBkwq5JMiR1oNBfBZRkoHCQogyT,0,0,0,0,0,0,0,1,1
488,Asha,45ZAM7JK8ZGHuBQiJ8kvhdiVdiQGsTQGgt3gRAEQpump,0,0,0,0,0,0,0,1,1
489,GOBI,CwdjgD54hgTQChspxHhirWLQWqy3EsxtndrcpLBqpump,0,0,0,0,0,0,0,1,1
490,GRFT,2aWos2YsA6YjN5DHX77diRUx7SKMg7H1U8hqL2N1iy5o,0,0,0,0,0,0,0,1,1
491,LOLA,AKyVUXwrYPxnt9cf9EQUpRmty6yrW25d3R8R1YVepump,0,0,0,0,0,0,0,1,1
492,TDS,7KuFdcfzbc3LLoRHNRWfW1dhbPNzuCv41hyYbfSUpump,0,0,0,0,0,0,0,1,1
493,RADIO ,B4gipVUHKJ7keVN3MWEYDQCHjkdoXGsbmZoTSJDZpump,0,0,0,0,0,0,0,1,1
494,doodoo,JDwzFSxcUvLubUb9xAuuZNvh4bbcEJcuM9TezpmRHVWF,0,0,0,0,0,0,0,1,1
495,ZACHXBT,M5MFPbS4X6eYek21xhFU38DTavMLuGY9eyC5p8Tpump,0,0,0,0,0,0,0,1,1
496,HELIA,FZnSMd1hPu5MVgttmtfDZUPN5gcuexvrh3CB67UuQshb,0,0,0,0,0,0,0,1,1
497,RM9000,G6haJithfeUgSghVpu1rDPCq2NFiYcJFHNpHEANbpump,0,0,0,0,0,0,0,1,1
498,KEYDOG,3fGoNjPohYRVPk9iJuwEW5WuURU5gmAdSRgNgeaanexQ,0,0,0,0,0,0,0,1,1
499,GNZ,FFgfStKwuF3DSxEeogA69FNkPrkb7XDA5Tw29TBEpump,0,0,0,0,0,0,0,1,1
500,Kekec,DexxZWtZd8hdmeth9gKYXgTWa1VYdMVrWFBZ9RXXXhBn,0,0,0,0,0,0,0,1,1
501,CHORUZ,361pUXTPohPEgcnCVm7DUvNziizK37gVxLN3cw9Vpump,0,0,0,0,0,0,0,1,1
502,rot,APoM2sXUzdRHTkUjXSsdUheX1wPPdP4HFLotmtRNMU8P,0,0,0,0,0,0,0,1,1
503,Jarvis,FR382Gv7RxrEb2q1MZkP9athyJC9rUBt8M2jKfyKpump,0,0,0,0,0,0,0,1,1
504,ETFS,MM8o3Sk58NufoS8Zds7MYTC1LcStfCaqinN5T2pdNtp,0,0,0,0,0,0,0,1,1
505,NET,7nFYpHyhDgzg3ioU2JFko5kaVwm6bjkL4MtbUiVAiYbJ,0,0,0,0,0,0,0,1,1
506,DOBBY,CPcf58MNikQw2G23kTVWQevRDeFDpdxMH7KkR7Lhpump,0,0,0,0,0,0,0,1,1
507,Swarm,JBSVUpKgYNHt4GLtNebQxTJmZgftTMWENQrziHtGpump,0,0,0,0,0,0,0,1,1
508,BIGGEST,7iiEymNMwPSnhx2foU1mEDGAzEjv5wUNjaxEAYvwpump,0,0,0,0,0,0,0,1,1
509,PEPO,pepo1CFNU2RXf7yXX7HNXazXwxsq8WrPvDHpHriwoLY,0,0,0,0,0,0,0,1,1
510,UP,2iygm3ZBu3YRDiJREMrZTLayffBJBShTrhEe9iyYpump,0,0,0,0,0,0,0,1,1
511,Barron,HmAgiwjjP9CXqK5wQNsHKtjAt2CH3Kv8Q7xH5kGL2nqZ,0,0,0,0,0,0,0,1,1
512,MIMANY,3Rcc6tMyS7ZEa29dxV4g3J5StorS9J1dn98gd42pZTk1,0,0,0,0,0,0,0,1,1
513,ANCHOVY,HKKagAnZBoJPWS4z5AZ5bErB7Uj6u2mkLo4ysD7mpump,0,0,0,0,0,0,0,1,1
514,LEO,8Cd7wXoPb5Yt9cUGtmHNqAEmpMDrhfcVqnGbLC48b8Qm,0,0,0,0,0,0,0,1,1
515,LEXICON,E4wg8YF472u8oiLvSNKB84Y23gZhkSQ3PSCJaUj4pump,0,0,0,0,0,0,0,1,1
516,KOHLER,HmfNGq7kxE6ppMDGW87xPuMU6wnKbeYBZf76K7t33w3s,0,0,0,0,0,0,0,1,1
517,wCOMAI,Comai3YgiVY2p5ep635Pk4P6jNQHNhigvzeTcB6V7dyj,0,0,0,0,0,0,0,1,1
518,create,92crE7qiX5T7VtiXhCeagfo1E81UtyguiXM7qCi7pump,0,0,0,0,0,0,0,1,1
519,duk,A2khRbhRJNrAEHj95htivC4cR4VbJwfssDH5FPPbP4m9,0,0,0,0,0,0,0,1,1
520,Claude,HaL8cPcEZgwLaCbwyf6aAPh7rhw7iHck22zFXSNjpump,0,0,0,0,0,0,0,1,1
521,Thales,7yn2PRbB96TgcCkkMK4zD6vvMth6Co5B5Nma6XvPpump,0,0,0,0,0,0,0,1,1
522,MARS,3CnqgfQmiCyjMgaDfJpBDi9mjsE11vFnTfniM8BTMBzK,0,0,0,0,0,0,0,1,1
523,SANDY,61yG5LCoeoqzBdopXPy6BsVPTGdRXht95L68hj5ipump,0,0,0,0,0,0,0,1,1
524,SCARF,ELdqGtj2MhejZzudGfz7b798si2Av5Asuw9ryEQSpump,0,0,0,0,0,0,0,1,1
525,🫃,D2JGRcNqq1mLzyL4ruCb27pzYw8FF3nTK4hMz6GmMW56,0,0,0,0,0,0,0,1,1
526,ALR,FwzpNxnabjZvc8QCnV6qPEBKxqLxSyjobc5Etdgxpump,0,0,0,0,0,0,0,1,1
527,MIRA,RufNMBEbKJr6CM1t3nwakZ3BaE9csF2AR15s32VWcRE,0,0,0,0,0,0,0,1,1
528,$CRAB,Gst1mHM4sqEgUeZVNLRaDhVZBKngsnpch4abiVyGpump,0,0,0,0,0,0,0,1,1
529,GNRT,oraiJP7H3LAt57DkFXNLDbLdBFNRRPvS8jg2j5AZkd9,0,0,0,0,0,0,0,1,1
530,gigacycle,Crtok2AHswrU1RBBJvbcLjsV7nBVUArNhbLdWqJZpump,0,0,0,0,0,0,0,1,1
531,UPONLY,5SKLS8gvhJgAtmtmRr7SQg7NjoehutwK3vAzYPAYpump,0,0,0,0,0,0,0,1,1
532,OBOT,7yZFFUhq9ac7DY4WobLL539pJEUbMnQ5AGQQuuEMpump,0,0,0,0,0,0,0,1,1
533,DFL,DFL1zNkaGPWm1BqAVqRjCZvHmwTFrEaJtbzJWgseoNJh,0,0,0,0,0,0,0,1,1
534,GOATSE,4f9Nc1vPWvcbGP9Zfi6TWD9tApyMgBrqmXexNZnR4Wmo,0,0,0,0,0,0,0,1,1
535,NAVAL,7wM4MnbsPsG95A3WhZgbrPWvMtydKmJjqKr2ZVJVpump,0,0,0,0,0,0,0,1,1
536,YDWTL,93vpr9tx4jXzeyt14Jwqcd4q4d9CBP9jb674pQ5vpump,0,0,0,0,0,0,0,1,1
537,HOLO,B8hCuoikV9gLeuwmTyhNdLbPnb5k3P77Q7WTtEM7pump,0,0,0,0,0,0,0,1,1
538,0x0x,6mZ76DjmTYhtEGLcVSEyeS5VcByHauxpw6oYQL4spump,0,0,0,0,0,0,0,1,1
539,DrOdin,ERzsfG1aVp8YgDFXSFBNbEQ4YWsNgNVKgsBDVfDs6Jdh,0,0,0,0,0,0,0,1,1
540,THURSTON,9pnDLVWmWyccy6HhZKcCiwrQEBX1UHQ5ikKPo5xrpump,0,0,0,0,0,0,0,1,1
541,DRIFT,DriFtupJYLTosbwoN8koMbEYSx54aFAVLddWsbksjwg7,0,0,0,0,0,0,0,1,1
542,SOAP,5bs3kHmjo1F3ZL42scfYyx9re3hhnayZYF8NkUr5D8HE,0,0,0,0,0,0,0,1,1
543,BOYS,9cLx6w1fN6b67VxsGxaFaCTgQcNqsA51p4uMWdkgQqmC,0,0,0,0,0,0,0,1,1
544,brokie,DAMqxQRG5FKsnMNXEdBQMdTSiz86b5BziH4p6FS6pump,0,0,0,0,0,0,0,1,1
545,CWAR,HfYFjMKNZygfMC8LsQ8LtpPsPxEJoXJx4M6tqi75Hajo,0,0,0,0,0,0,0,1,1
546,WOJAK,6bn6rKWbTRAQwizwqEfcmpAtoAMnqzfG7F8DYMK5reYn,0,0,0,0,0,0,0,1,1
547,BTW,4ytpZgVoNB66bFs6NRCUaAVsLdtYk2fHq4U92Jnjpump,0,0,0,0,0,0,0,1,1
548,BeffAI,2Tr3i2qjSPUb7e7BSFWTq7gsRzJEnYBKc7wRAYu3pump,0,0,0,0,0,0,0,1,1
549,PanterAI,FViZQJymuQ9FaxmpudCQS7ffJUt4udHzwJKPBiy7pump,0,0,0,0,0,0,0,1,1
550,$MATRIX,E1R4RF89GcKxz62DVfojxDJteLFFs8rtiXcGcrx5HbTj,0,0,0,0,0,0,0,1,1
551,Minion,DqWf9DDK6H5c7KmEHkNJxnzNPSM6mzxonZJjK6yxpump,0,0,0,0,0,0,0,1,1
552,fun,9MnKTgwFyXJgnZumHGT9NdHuzm98ACjkNwpLniLhpump,0,0,0,0,0,0,0,1,1
553,🧛,FCzioYCxRXWbFAoG1pBmAsWXnEFdLLs5znH2azwjJ2fY,0,0,0,0,0,0,0,1,1
554,SUPA,zi87E9xtFPRQ2o9qqerFxUDQLZgEkHrhpHDxxZhYi9a,0,0,0,0,0,0,0,1,1
555,Mustard,22Xeo6diWfJrScaoVFzgkwzrCByPukK45fdwkJyrpump,0,0,0,0,0,0,0,1,1
556,MOE,8xzoj8mVmXtBQm6d2euJGFPvQ2QsTV5R8cdexi2qpump,0,0,0,0,0,0,0,1,1
557,PILLZUMI,97Mbx6Jym1iEkQdVfLf5PMWL5tARGnQ5na5jhR9Lpump,0,0,0,0,0,0,0,1,1
558,MSTASH,GVxCVNbMrnRFztSXMDFAheoN7JJdSTr1dTawrmwXPh2n,0,0,0,0,0,0,0,1,1
559,MILTON,FFXsbx4rPwM8CyKKZiPU3YS9xFFirww6QEzb6KCCpump,0,0,0,0,0,0,0,1,1
560,ForexLens,aSCcjVmMJttZQNYtzhFXmqmUiTm8xkJBggn4sj8pump,0,0,0,0,0,0,0,1,1
561,gort,5tZHKgJpnF1hsjSnQ5N9NA2c3S4QzaFw3uq2ARGspump,0,0,0,0,0,0,0,1,1
562,CIGGS,7p6RjGNZ7HLHpfTo6nh21XYw4CZgxXLQPzKXG72pNd2y,0,0,0,0,0,0,0,1,1
563,unl,3DyT1fDosT42GT7srFmv5m2VuzU9AB68QknwWY6Kpump,0,0,0,0,0,0,0,1,1
564,GOOD,A6WCD9dzgpCpCofGG7boCN3jJitmBSoXS7tgZa4rGooD,0,0,0,0,0,0,0,1,1
565,SMOL,5KHQeeQvM4qBtmX3WnaCMGpM3Th7jYpqcHf3c6qzPodM,0,0,0,0,0,0,0,1,1
566,SOURCE,aPig1huDbdDTR9HmJBSHK5jiHrG3o2ZThdG4xPDpump,0,0,0,0,0,0,0,1,1
567,RIGHT,GnMkhejvQmjMfAwnrYfu1LN3AfheiSo6pD2WaBeRL648,0,0,0,0,0,0,0,1,1
568,MPUP,8PVFdKx7fX1FmmoASfTu5CUPEWuD1WY73Z24UTgCpump,0,0,0,0,0,0,0,1,1
569,EARN,8CuPzHKuZQUyYbear8fi3u6iuTY652WVZT2cHZ2yeNbE,0,0,0,0,0,0,0,1,1
570,DRONES,95WzV2CsTRFBjPCBhQRR4TGVp5kXo8f8qZVt7iVwpump,0,0,0,0,0,0,0,1,1
571,glam,73rzMJ8uEqjAf5vE1YPGrXbg7Cb2Yv85EoxpJh2mpump,0,0,0,0,0,0,0,1,1
572,GAIM,53dig5bMmYBGNxDXAGFNjA59mqry3piqTpbFzYKEpump,0,0,0,0,0,0,0,1,1
573,ClubMoon,5gVSqhk41VA8U6U4Pvux6MSxFWqgptm3w58X9UTGpump,0,0,0,0,0,0,0,1,1
574,UPONLY,7qmWe2vUhhV1PJyN5aYUK3D5gBPkyFiwc4x5FrDcnTHZ,0,0,0,0,0,0,0,1,1
575,Jail Milei,2BuXJDuA8dnqUpytSpnyxNy9ymuchZFbWxFcsRgFpump,0,0,0,0,0,0,0,1,1
576,MSNBC,CvJpyhMh5P2jcyy2vPDitaCpTjewXER7zJb2QjQ3pump,0,0,0,0,0,0,0,1,1
577,DATAWITCH,CwsQd329uL1ccxT3my2EJCEsciT1CUfk2BUmPF8Ppump,0,0,0,0,0,0,0,1,1
578,schizo,8sWKTMrh9bWUrvykK4H3jzEzGbEqvJNpS2f7joYKpump,0,0,0,0,0,0,0,1,1
579,GOGO,GoGoxxkBetBo4EYsHWhiyStVYkvbsAKdrp6dBpcy8a9E,0,0,0,0,0,0,0,1,1
580,FLAME,BivtZFQ5mVdjMM3DQ8vxzvhKKiVs27fz1YUF8bRFdKKc,0,0,0,0,0,0,0,1,1
581,SASSY,61y6rK1UkEnVdqF4sDMct9pwApEVp7G7TjSgzXd2GBN,0,0,0,0,0,0,0,1,1
582,JIZZ,4rwZoD9p8DaZLegCuHwwtjDrnfRKTHL74XpK54Rspump,0,0,0,0,0,0,0,1,1
583,INCEL,GACL2mEL9BR4baJBbYWfNKa5mxBYXRdU4ZthedKcVkx1,0,0,0,0,0,0,0,1,1
584,SEDUX,5Kh2xc7X2qfRig2DZyGkuEXw7jeXUXoei7U6GBjfpump,0,0,0,0,0,0,0,1,1
