No., token_name, token_address, 2A, 2B, 4A, 4B, 5A, 5B, 6A, 6B
1,Lemon,CjqxraDuTMEcfhdqY8qEaMY43icdBrkt3EXciNVpump,1,1,0,0,0,0,1,1
2,ShillGUY,5s9sr4XER9VyQh4LRGLaEFHbGbaXpBtTtMVmuZHfbonk,1,1,0,0,1,1,0,0
3,bHOSICO,9Wm9uNUmJjaDt9BBsb93BNa3GtVSAV31HrQNWgQtbonk,1,1,0,0,0,0,1,1
4,FDUSD,9zNQRsGLjNKwCUU5Gq5LR8beUCPzQMVMqKAi3SSZh54u,0,0,1,1,0,0,0,0
5,GRASS,Grass7B4RdKfBCjTKgSqnXkqjwiGvQyFbuSCUJr3XXjs,0,0,1,1,0,0,1,1
6,House,DitHyRMQiSDhn5cnKMJV2CDDt6sVct96YrECiM49pump,0,0,1,1,0,0,1,1
7,KMNO,KMNo3nJsBXfcpJTVhZcXLW7RmTwTt4GVFE7suUBo9sS,0,0,1,1,0,0,1,1
8,TROLL,5UUH9RTDiSpq6HKS6bp4NdU9PNJpXRXuiw6ShBTBhgH2,0,0,1,1,0,0,1,1
9,Grassito,GkeUTuaFB4oZADaqiCo3yauHNx9SxUNn8euHptEEbonk,0,0,1,1,0,0,1,1
10,Hosico,9wK8yN6iz1ie5kEJkvZCTxyN1x5sTdNfx8yeMY8Ebonk,0,0,1,1,0,0,1,1
11,MvG,qRUZaCpgxaRH1s5V6opjPA6Hnpv5BM37LqkDBw7pump,0,0,1,1,0,0,0,0
12,neet,Ce2gx9KGXJ6C9Mp5b5x1sn9Mg87JwEbrQby4Zqo3pump,0,0,1,1,0,0,0,0
13,DARK,8BtoThi2ZoXnF7QQK1Wjmh2JuBw9FjVvhnGMVZ2vpump,0,0,1,1,0,0,1,1
14,LetsBONK,CDBdbNqmrLu1PcgjrFG52yxg71QnFhBZcUE6PSFdbonk,0,0,1,1,0,0,1,1
15,BMT,FQgtfugBdpFN7PZ6NdPrZpVLDBrPGxXesi4gVu3vErhY,0,0,1,1,0,0,1,1
16,PVS,FWAr6oWa6CHg6WUcXu8CqkmsdbhtEqL8t31QTonppump,0,0,1,1,0,0,1,1
17,JOS,JosjEXh69RckgSs2AWsN1xN8zmiSHxBuJjHLURJnHhg,0,0,1,1,0,0,1,1
18,RFC,C3DwDjT17gDvvCYC2nsdGHxDHVmQRdhKfpAdqQ29pump,0,0,1,1,0,0,1,1
19,EURC,HzwqbKZw8HxMN6bF2yFZNrht3c2iXXzpKcFu7uBEDKtr,0,0,1,1,0,0,1,1
20,VIRTUAL,3iQL8BFS2vE7mww4ehAqQHAsbmRNCrPxizWAT2Zfyr9y,0,0,1,1,0,0,0,0
21,PASTERNAK,Ey59PH7Z4BFU4HjyKnyMdWt5GGN76KazTAwQihoUXRnk,0,0,1,1,0,0,1,1
22,Wizard,8oosbx7jJrZxm5m4ThKhBpvwwG4QpoAe6i4GiG19pump,0,0,1,1,0,0,0,0
23,ME,MEFNBXixkEbait3xn9bkm8WsJzXtVsaJEn4c8Sam21u,0,0,1,1,0,0,1,1
24,PAIN,1Qf8gESP4i6CFNWerUSDdLKJ9U1LpqTYvjJ2MM4pain,0,0,1,1,0,0,0,0
25,Italianrot,BQX1cjcRHXmrqNtoFWwmE5bZj7RPneTmqXB979b2pump,0,0,1,1,0,0,1,1
26,NOM,2MDr15dTn6km3NWusFcnZyhq3vWpYDg7vWprghpzbonk,0,0,1,1,0,0,1,1
27,titcoin,FtUEW73K6vEYHfbkfpdBZfWpxgQar2HipGdbutEhpump,0,0,1,1,0,0,1,1
28,zBTC,zBTCug3er3tLyffELcvDNrKkCymbPWysGcWihESYfLg,0,0,1,1,0,0,1,1
29,Ghibli,4TBi66vi32S7J8X1A6eWfaLHYmUXu7CStcEmsJQdpump,0,0,1,1,0,0,1,1
30,jobcoin,AyrQpt5xsVYiN4BqgZdd2tZJAWswT9yLUZmP1jKqpump,0,0,1,1,0,0,1,1
31,LLM,98mb39tPFKQJ4Bif8iVg9mYb9wsfPZgpgN1sxoVTpump,0,0,1,1,0,0,1,1
32,ALP,4yCLi5yWGzpTWMQ1iWHG5CrGYAdBkhyEdsuSugjDUqwj,0,0,1,1,0,0,0,0
33,MOTION,FFVcrc7wxCQ2HsxY6jhKNPwWUeKJsL472K28Vw16pump,0,0,1,1,0,0,0,0
34,CHEX,6dKCoWjpj5MFU5gWDEFdpUUeBasBLK3wLEwhUzQPAa1e,0,0,1,1,0,0,1,1
35,wPOND,3JgFwoYV74f6LwWjQWnr3YDPFnmBdwQfNyubv99jqUoq,0,0,1,1,0,0,1,1
36,DOG,dog1viwbb2vWDpER5FrJ4YFG6gq6XuyFohUe9TXN65u,0,0,1,1,0,0,1,1
37,pwease,CniPCE4b3s8gSUPhUiyMjXnytrEqUrMfSsnbBjLCpump,0,0,1,1,0,0,1,1
38,SNAI,Hjw6bEcHtbHGpQr8onG3izfJY5DJiWdt7uk2BfdSpump,0,0,1,1,0,0,1,1
39,Crashout,6JGSHS9GrE9uG8ix63w3DPMYHrgrJ6J4QyHbBhAepump,0,0,1,1,0,0,1,1
40,SIGMA,5SVG3T9CNQsm2kEwzbRq6hASqh1oGfjqTtLXYUibpump,0,0,1,1,0,0,1,1
41,HYPERSKIDS,GwkEDwePTa6aFosh9xzAniGK1zvLrQ5yPJfLnqwmuyhG,0,0,1,1,0,0,1,1
42,IO,BZLbGTNCSFfoth2GYDtwr7e4imWzpR5jqcUuGEwr646K,0,0,1,1,0,0,1,1
43,fxn,92cRC6kV5D7TiHX1j56AbkPbffo9jwcXxSDQZ8Mopump,0,0,1,1,0,0,1,1
44,BUZZ,9DHe3pycTuymFk4H4bbPoAJ4hQrr2kaLDF6J6aAKpump,0,0,1,1,0,0,1,1
45,Y2K,8YiB8B43EwDeSx5Jp91VQjgBU4mfCgVvyNahadtzpump,0,0,1,1,0,0,1,1
46,$michi,5mbK36SZ7J19An8jFochhQS4of8g6BwUjbeCSxBSoWdp,0,0,1,1,0,0,1,1
47,CUCK,J5DzAP6j17bXBXykvkQVM5ntfyWAdL88okBQvDH9pump,0,0,1,1,0,0,1,1
48,pippin,Dfh5DzRgSvvCFDoYc2ciTkMrbDfRKybA4SoFbPmApump,0,0,1,1,0,0,1,1
49,BAM,CWY3XDTbN91sSmg4XR3ZgxAVgrhiFv4Ue8gUwwJLbonk,0,0,1,1,0,0,1,1
50,jellyjelly,FeR8VBqNRSUD5NtXAj2n3j1dAHkZHfyDktKuLXD4pump,0,0,1,1,0,0,1,1
51,toly,JCeoBX79HfatfaY6xvuNyCHf86hwgkCCWDpEycVHtime,0,0,1,1,0,0,0,0
52,TAI,Hax9LTgsQkze1YFychnBLtFH8gYbQKtKfWKKg2SP6gdD,0,0,0,0,0,0,1,1
53,ZEREBRO,8x5VqbHA8D7NkD52uNuS5nnt3PwA8pLD34ymskeSo2Wn,0,0,0,0,0,0,1,1
54,,Hg8bKz4mvs8KNj9zew1cEF9tDw1x2GViB4RFZjVEmfrD,0,0,0,0,0,0,1,1
55,Anon,9McvH6w97oewLmPxqQEoHUAv3u5iYMyQ9AeZZhguYf1T,0,0,0,0,0,0,1,1
56,BOME,ukHH6c7mMyiWCf1b9pnWe25TSpkDDt3H5pQZgZ74J82,0,0,0,0,0,0,1,1
57,LUCE,CBdCxKo9QavR9hfShgpEBG3zekorAeD7W1jfq2o3pump,0,0,0,0,0,0,1,1
58,BUTTCOIN,FasH397CeZLNYWkd3wWK9vrmjd1z93n3b59DssRXpump,0,0,0,0,0,0,1,1
59,STONKS,6NcdiK8B5KK2DzKvzvCfqi8EHaEqu48fyEzC8Mm9pump,0,0,0,0,0,0,1,1
60,Ban,9PR7nCP9DpcUotnDPVLUBUZKu5WAYkwrCUx9wDnSpump,0,0,0,0,0,0,1,1
61,UFD,eL5fUxj2J4CiQsmW85k5FG9DvuQjjUoBHoQBi2Kpump,0,0,0,0,0,0,1,1
62,SLERF,7BgBvyjrZX1YKz4oh9mjb8ZScatkkwb8DzFx7LoiVkM3,0,0,0,0,0,0,1,1
63,RENDER,rndrizKT3MK1iimdxRdWabcF7Zg7AR5T4nud4EkHBof,0,0,0,0,0,0,1,1
64,MANEKI,25hAyBQfoDhfWx9ay6rarbgvWGwDdNqcHsXS3jQ3mTDJ,0,0,0,0,0,0,1,1
65,MOTHER,3S8qX1MsMqRbiwKg2cQyx7nis1oHMgaCuc9c4VfvVdPN,0,0,0,0,0,0,1,1
66,HAT,AxGAbdFtdbj2oNXa4dKqFvwHzgFtW9mFHWmd7vQfpump,0,0,0,0,0,0,1,1
67,MLG,7XJiwLDrjzxDYdZipnJXzpr1iDTmK55XixSFAa7JgNEL,0,0,0,0,0,0,1,1
68,LUMO,4FkNq8RcCYg4ZGDWh14scJ7ej3m5vMjYTcWoJVkupump,0,0,0,0,0,0,1,1
69,degenai,Gu3LDkn7Vx3bmCzLafYNKcDxv2mH7YN44NJZFXnypump,0,0,0,0,0,0,1,1
70,ZEUS,ZEUS1aR7aX8DFFJf5QjWj2ftDDdNTroMNGo8YoQm3Gq,0,0,0,0,0,0,1,1
71,MTN,mtnc7NNSpAJuvYNmayXU63WhWZGgFzwQ2yeYWqemeta,0,0,0,0,0,0,1,1
72,$COLLAT,C7heQqfNzdMbUFQwcHkL9FvdwsFsDRBnfwZDDyWYCLTZ,0,0,0,0,0,0,1,1
73,TONIC,2DSFvQtdoqv7DjPgXL5tjTYJ3ABBnoBeTfAJTXNdbonk,0,0,0,0,0,0,1,1
74,YNE,7D1iYWfhw2cr9yBZBFE6nZaaSUvXHqG5FizFFEZwpump,0,0,0,0,0,0,1,1
75,GRIFT,GekTNfm84QfyP2GdAHZ5AgACBRd69aNmgA5FDhZupump,0,0,0,0,0,0,1,1
76,SSE,H4phNbsqjV5rqk8u6FUACTLB6rNZRTAPGnBb8KXJpump,0,0,0,0,0,0,1,1
77,ELIZA,5voS9evDjxF589WuEub5i4ti7FWQmZCsAsyD5ucbuRqM,0,0,0,0,0,0,1,1
78,MOBY,Cy1GS2FqefgaMbi45UunrUzin1rfEmTUYnomddzBpump,0,0,0,0,0,0,1,1
79,BOTIFY,BYZ9CcZGKAXmN2uDsKcQMM9UnZacija4vWcns9Th69xb,0,0,0,0,0,0,1,1
80,TRISIG,BLDiYcvm3CLcgZ7XUBPgz6idSAkNmWY6MBbm8Xpjpump,0,0,0,0,0,0,1,1
81,RETARDIO,6ogzHhzdrQr9Pgv6hZ2MNze7UrzBMAFyBBWUYp1Fhitx,0,0,0,0,0,0,1,1
82,PYTH,HZ1JovNiVvGrGNiiYvEozEVgZ58xaU3RKwX8eACQBCt3,0,0,0,0,0,0,1,1
83,Aimonica,FVdo7CDJarhYoH6McyTFqx71EtzCPViinvdd1v86Qmy5,0,0,0,0,0,0,1,1
84,$RIF,GJtJuWD9qYcCkrwMBmtY1tpapV1sKfB2zUv9Q4aqpump,0,0,0,0,0,0,1,1
85,Butthole,CboMcTUYUcy9E6B3yGdFn6aEsGUnYV6yWeoeukw6pump,0,0,0,0,0,0,1,1
86,LMT,86t88w3MKT38HChTBKBwEeb1RW1MeTceaW68qY2Vpump,0,0,0,0,0,0,1,1
87,OPUS,9JhFqCA21MoAXs2PTaeqNQp2XngPn1PgYr2rsEVCpump,0,0,0,0,0,0,1,1
88,FAT,5LJMJyR8MtAkbtpf8kFUV7S9oFG3xaGDdcnFxYt9pump,0,0,0,0,0,0,1,1
89,LABUBU,JB2wezZLdzWfnaCfHxLg193RS3Rh51ThiXxEDWQDpump,0,0,0,0,0,0,1,1
90,listen,Cn5Ne1vmR9ctMGY9z5NC71A3NYFvopjXNyxYtfVYpump,0,0,0,0,0,0,1,1
91,Shoggoth,H2c31USxu35MDkBrGph8pUDUnmzo2e4Rf4hnvL2Upump,0,0,0,0,0,0,1,1
92,AIXBT,14zP2ToQ79XWvc7FQpm4bRnp9d6Mp1rFfsUW3gpLcRX,0,0,0,0,0,0,1,1
93,PYTHIA,CreiuhfwdWCN5mJbMJtA9bBpYQrQF2tCBuZwSPWfpump,0,0,0,0,0,0,1,1
94,BONGO,HUdqc5MR5h3FssESabPnQ1GTgTcPvnNudAuLj5J6a9sU,0,0,0,0,0,0,1,1
95,$URO,FvgqHMfL9yn39V79huDPy3YUNDoYJpuLWng2JfmQpump,0,0,0,0,0,0,1,1
96,AGiXT,F9TgEJLLRUKDRF16HgjUCdJfJ5BK6ucyiW8uJxVPpump,0,0,0,0,0,0,1,1
97,AWR,Ai4CL1SAxVRigxQFwBH8S2JkuL7EqrdiGwTC7JpCpump,0,0,0,0,0,0,1,1
98,OIIAOIIA,VaxZxmFXV8tmsd72hUn22ex6GFzZ5uq9DVJ5wA5pump,0,0,0,0,0,0,1,1
99,USA,69kdRLyP5DTRkpHraaSZAQbWmAwzF9guKjZfzMXzcbAs,0,0,0,0,0,0,1,1
100,nub,GtDZKAqvMZMnti46ZewMiXCa4oXF4bZxwQPoKzXPFxZn,0,0,0,0,0,0,1,1
101,GRPH,9doRRAik5gvhbEwjbZDbZR6GxXSAfdoomyJR57xKpump,0,0,0,0,0,0,1,1
102,vvaifu,FQ1tyso61AH1tzodyJfSwmzsD3GToybbRNoZxUBz21p8,0,0,0,0,0,0,1,1
103,Bert,HgBRWfYxEfvPhtqkaeymCQtHCrKE46qQ43pKe8HCpump,0,0,0,0,0,0,1,1
104,FO,JDzPbXboQYWVmdxXS3LbvjM52RtsV1QaSv2AzoCiai2o,0,0,0,0,0,0,1,1
105,LOCKIN,8Ki8DpuWNxu9VsS3kQbarsCWMcFGWkzzA8pUPto9zBd5,0,0,0,0,0,0,1,1
106,ALON,8XtRWb4uAAJFMP4QQhoYYCWR6XXb7ybcCdiqPwz9s5WS,0,0,0,0,0,0,1,1
107,ATR,ATRLuHph8dxnPny4WSNW7fxkhbeivBrtWbY6BfB4xpLj,0,0,0,0,0,0,1,1
108,MAX,oraim8c9d1nkfuQk9EzGYEUGxqL3MHQYndRw1huVo5h,0,0,0,0,0,0,1,1
109,MUSKIT,9So52ugZh2BLBT3f7p61947q91uQh2DyvbfyMDeRpump,0,0,0,0,0,0,1,1
110,NEUR,3N2ETvNpPNAxhcaXgkhKoY1yDnQfs41Wnxsx5qNJpump,0,0,0,0,0,0,1,1
111,GFM,E1jCTXdkMRoawoWoqfbhiNkkLbxcSHPssMo36U84pump,0,0,0,0,0,0,1,1
112,nuit,2eXamy7t3kvKhfV6aJ6Uwe3eh8cuREFcTKs1mFKZpump,0,0,0,0,0,0,1,1
113,jailstool,AxriehR6Xw3adzHopnvMn7GcpRFcD41ddpiTWMg6pump,0,0,0,0,0,0,1,1
114,DOLAN,4YK1njyeCkBuXG6phNtidJWKCbBhB659iwGkUJx98P5Z,0,0,0,0,0,0,1,1
115,$1,GHichsGq8aPnqJyz6Jp1ASTK4PNLpB5KrD6XrfDjpump,0,0,0,0,0,0,1,1
116,VIRAL,HW7D5MyYG4Dz2C98axfjVBeLWpsEnofrqy6ZUwqwpump,0,0,0,0,0,0,1,1
117,MAIAR,G5e2XonmccmdKc98g3eNQe5oBYGw9m8xdMUvVtcZpump,0,0,0,0,0,0,1,1
118,GNON,HeJUFDxfJSzYFUuHLxkMqCgytU31G6mjP4wKviwqpump,0,0,0,0,0,0,1,1
119,LUX,BmXfbamFqrBzrqihr9hbSmEsfQUXMVaqshAjgvZupump,0,0,0,0,0,0,1,1
120,TANK,GAMwtMB6onAvBNBQJCJFuxoaqfPH8uCQ2dewNMVVpump,0,0,0,0,0,0,1,1
121,Project89,Bz4MhmVRQENiCou7ZpJ575wpjNFjBjVBSiVhuNg1pump,0,0,0,0,0,0,1,1
122,DIGIMON,WEmjxPMGXEW1Nvc4rCgRKiWHj1H1tvhPsKMw2yvpump,0,0,0,0,0,0,1,1
123,FRED,CNvitvFnSM5ed6K28RUNSaAjqqz5tX1rA5HgaBN9pump,0,0,0,0,0,0,1,1
124,PAYAI,E7NgL19JbN8BhUDgWjkH8MtnbhJoaGaWJqosxZZepump,0,0,0,0,0,0,1,1
125,BILLY,3B5wuUrMEi5yATD7on46hKfej3pfmd7t1RKgrsN3pump,0,0,0,0,0,0,1,1
126,FYBN,BXNGghGbqrt2PcM3Y2Une5fD4kbU6VVSPC4uPjf8pump,0,0,0,0,0,0,1,1
127,buidl,3HfLqhtF5hR5dyBXh6BMtRaTm9qzStvEGuMa8Gx6pump,0,0,0,0,0,0,1,1
128,FIGHTBRAWL,2m8yh7MU5wpJsbJ7T1kt56PrXYrZwRuHtwHdwVTd1hit,0,0,0,0,0,0,1,1
129,meow,BUhS5coXEt9hcxN3JSpGYUWSKbNo96RsKu52LcMo12rf,0,0,0,0,0,0,1,1
130,PEPECAT,CRAMvzDsSpXYsFpcoDr6vFLJMBeftez1E7277xwPpump,0,0,0,0,0,0,1,1
131,DOGEAI,9UYAYvVS2cZ3BndbsoG1ScJbjfwyEPGxjE79hh5ipump,0,0,0,0,0,0,1,1
132,EDWIN,GPrg1CgbBvAJS2SCuf9gF7NmQYsWudfyfWy5SUzypump,0,0,0,0,0,0,1,1
133,GIKO,3WPep4ufaToK1aS5s8BL9inzeUrt4DYaQCiic6ZkkC1U,0,0,0,0,0,0,1,1
134,TETSUO,8i51XNNpGaKaj4G4nDdmQh95v4FKAxw8mhtaRoKd9tE8,0,0,0,0,0,0,1,1
135,VNTR,4JFcUJ1HfFKz2F8thdu2frk558EjrLvKEmeMq1ZM2xBP,0,0,0,0,0,0,1,1
136,GME,8wXtPeU6557ETkp9WHFY1n1EcU6NxDvbAggHGsMYiHsB,0,0,0,0,0,0,1,1
137,YzY,4NBTf8PfLH4oLFnwf3knv46FY9i5oXjDxffCetXRpump,0,0,0,0,0,0,1,1
138,TSOTCHKE,4mbdysBik3jmzD7mt6FGPDsMxnYcxExSQRFjPucdpump,0,0,0,0,0,0,1,1
139,ESIM,3zJ7RxtzPahndBTEn5PGUyo9xBMv6MJP9J4TPqdFpump,0,0,0,0,0,0,1,1
140,J,Jambjx1oJoZNBZiqbiF9TqgatEZPdyfvYa9WVsKNzUh,0,0,0,0,0,0,1,1
141,Baby,6pKHwNCpzgZuC9o5FzvCZkYSUGfQddhUYtMyDbEVpump,0,0,0,0,0,0,1,1
142,DRIP,FrkF4GNdqKZLuzWXTk1imqMJRGK9uxCRE3PaBKZbpump,0,0,0,0,0,0,1,1
143,　,9qriMjPPAJTMCtfQnz7Mo9BsV2jAWTr2ff7yc3JWpump,0,0,0,0,0,0,1,1
144,WOULD,J1Wpmugrooj1yMyQKrdZ2vwRXG5rhfx3vTnYE39gpump,0,0,0,0,0,0,1,1
145,HNT,hntyVP6YFm1Hg25TN9WGLqM12b8TQmcknKrdu1oxWux,0,0,0,0,0,0,1,1
146,EVAN,GFUgXbMeDnLkhZaJS3nYFqunqkFNMRo9ukhyajeXpump,0,0,0,0,0,0,1,1
147,BRAINLET,8NNXWrWVctNw1UFeaBypffimTdcLCcD8XJzHvYsmgwpF,0,0,0,0,0,0,1,1
148,GARY,5SRer48NRfmhsut1n4ZwSAVUJAErNjdKcXTMVaxdpump,0,0,0,0,0,0,1,1
149,ASS,CfgmB9iTWABdYh3CHQQDUGtWy18rMNAEEqyp4GrJpump,0,0,0,0,0,0,1,1
150,LEA,8SpPaFLycx897D6sowPZkEkcNdDahzRZb5itr6D8pump,0,0,0,0,0,0,1,1
151,KIT,9hfKxLSnwh4LhpRgmxBYDRgrKeYUgszMePKxuidPpump,0,0,0,0,0,0,1,1
152,Citadail,7h5AzpYTAnh4Gyux8Gqko5Fvx4AYQBZdkzHZ2CsBudvJ,0,0,0,0,0,0,1,1
153,SELFIE,9WPTUkh8fKuCnepRWoPYLH3aK9gSjPHFDenBq2X1Czdp,0,0,0,0,0,0,1,1
154,BARSIK,7ZqzGzTNg5tjK1CHTBdGFHyKjBtXdfvAobuGgdt4pump,0,0,0,0,0,0,1,1
155,HIBER,FHKiJEg2zmhv9DEeaXMSZa7R4P8BPFX5VTRrzrtJpump,0,0,0,0,0,0,1,1
156,KOLIN,4q3Z58YxrZEAVMLtMwnm7eHtodSD3LSpSNt3pDnqpump,0,0,0,0,0,0,1,1
157,xavier,69G8CpUVZAxbPMiEBrfCCCH445NwFxH6PzVL693Xpump,0,0,0,0,0,0,1,1
158,Qude,3MyaQBG7y3SHLQZa282Jh2xtB2TZKHGzNp1CuZ4Cpump,0,0,0,0,0,0,1,1
159,FLOYDAI,J7tYmq2JnQPvxyhcXpCDrvJnc9R5ts8rv7tgVHDPsw7U,0,0,0,0,0,0,1,1
160,HARAMBE,Fch1oixTPri8zxBnmdCEADoJW2toyFHxqDZacQkwdvSP,0,0,0,0,0,0,1,1
161,MANA,Bw5K8eZaf361uDLHgX2UUn1PNfC7XtgQVvY9sSappump,0,0,0,0,0,0,1,1
162,AIOS,5QS7RcHfGUa2ZtrovPvEJMB9coqroiT7H48dPSwFpump,0,0,0,0,0,0,1,1
163,SONIC,SonicxvLud67EceaEzCLRnMTBqzYUUYNr93DBkBdDES,0,0,0,0,0,0,1,1
164,SOLA,B5UsiUYcTD3PcQa8r2uXcVgRmDL8jUYuXPiYjrY7pump,0,0,0,0,0,0,1,1
165,AVB,6d5zHW5B8RkGKd51Lpb9RqFQSqDudr9GJgZ1SgQZpump,0,0,0,0,0,0,1,1
166,LIMBO,5UAMZkfNmuVcKzr2wo8Jqw4R1k8vfdAVJNN6h3bVpump,0,0,0,0,0,0,1,1
167,MUTE,AFE2hvmamdJ34kH3Jtb6g1nqmJU8sMMRVKJmE7D88h3g,0,0,0,0,0,0,1,1
168,IQ,AsyfR3e5JcPqWot4H5MMhQUm7DZ4zwQrcp2zbB7vpump,0,0,0,0,0,0,1,1
169,HYPER,8vBMibwpn8wpfYKbQ9xqzodymg3LjmYec2tSNGRy23K8,0,0,0,0,0,0,1,1
170,lou,5DQSDg6SGkbsbykq4mQstpcL4d5raEHc6rY7LgBwpump,0,0,0,0,0,0,1,1
171,DAILYBET,7fb49Wrtx5xksfzGxsa8Y1zV1CCyeimmysGYKkirzCUm,0,0,0,0,0,0,1,1
172,CATANA,GmbC2HgWpHpq9SHnmEXZNT5e1zgcU9oASDqbAkGTpump,0,0,0,0,0,0,1,1
173,SCF,GiG7Hr61RVm4CSUxJmgiCoySFQtdiwxtqf64MsRppump,0,0,0,0,0,0,1,1
174,NPC,BeGY8KqKxboEwRbJd1q9H2K829jS4Rc5dEyNMYXCbV5p,0,0,0,0,0,0,1,1
175,PURPE,HBoNJ5v8g71s2boRivrHnfSB5MVPLDHHyVjruPfhGkvL,0,0,0,0,0,0,1,1
176,GCATS,UbESBaztbkxJRWxPcfDeK8Fft15igTbrv3sed1bsegM,0,0,0,0,0,0,1,1
177,∅,J2bUGZDxRDpsVfjZqKwn6yYCUKFmqzHgt8UajhGtpump,0,0,0,0,0,0,1,1
178,retire,zGh48JtNHVBb5evgoZLXwgPD2Qu4MhkWdJLGDAupump,0,0,0,0,0,0,1,1
179,REALIS,EBGaJP7srpUUN8eRdta1MsojrNtweuHYsdP3P1TRpump,0,0,0,0,0,0,1,1
180,Chud,6yjNqPzTSanBWSa6dxVEgTjePXBrZ2FoHLDQwYwEsyM6,0,0,0,0,0,0,1,1
181,BARRON,ECY31gWwxy4s2VnMkYhmqDkrV75KrwR2yTtsnrnSpump,0,0,0,0,0,0,1,1
182,pep ,Zc4uJVrHC2APe9qKwBD11Gg4BbvQr3naM8f7Wiopump,0,0,0,0,0,0,1,1
183,WTF,AgDNMAi8r2QS1FQEeTHLsZSmkQKCK7xXP2bR7jQ2pump,0,0,0,0,0,0,1,1
184,NC,B89Hd5Juz7JP2dxCZXFJWk4tMTcbw7feDhuWGb3kq5qE,0,0,0,0,0,0,1,1
185,saint,EQs4DEeaSyrhRPM6JPsf2ptLf4EHkcGXB7ybeufxpump,0,0,0,0,0,0,1,1
186,FRIC,EsP4kJfKUDLfX274WoBSiiEy74Sh4tZKUCDjfULHpump,0,0,0,0,0,0,1,1
187,SC,6D7NaB2xsLd7cauWu1wKk6KBsJohJmP2qZH9GEfVi5Ui,0,0,0,0,0,0,1,1
188,WHISP,whispF7G9DHaojYHe2cdhRX5EMJzGBdqq7R57kL6inL,0,0,0,0,0,0,1,1
189,HOOD,h5NciPdMZ5QCB5BYETJMYBMpVx9ZuitR6HcVjyBhood,0,0,0,0,0,0,1,1
190,PINO,7b36cKRYFZsMp3vLByVwfVQxW2ndcYth5rhPnyypump,0,0,0,0,0,0,1,1
191,FABEL,FABELyo4mGW399dBZJhMeD988o2hEPu3B3LNWtuW4ueN,0,0,0,0,0,0,1,1
192,STNK,43VWkd99HjqkhFTZbWBpMpRhjG469nWa7x7uEsgSH7We,0,0,0,0,0,0,1,1
193,blormmy,71AZt4P5kc5vpfTJR1HjNbMzD84G7vxam4DtL3kJpump,0,0,0,0,0,0,1,1
194,PKIN,2RBko3xoz56aH69isQMUpzZd9NYHahhwC23A5F3Spkin,0,0,0,0,0,0,1,1
195,X,EhkDgP8e5sz16AFCWUCYJzVug1zvpDLTEHxH4WAFpBFA,0,0,0,0,0,0,1,1
196,KIKI,HhCLbkW6FwhriTkk81W8tYstsRCLUu6Y7Je1SQjVpump,0,0,0,0,0,0,1,1
197,CAT,3joMReCCSESngJEpFLoKR2dNcChjSRCDtybQet5uSpse,0,0,0,0,0,0,1,1
198,SUMMIT,A3vBwL3Pd6nkBqVo87D6TLWYG4ekWuDeqCoLFeyvRMcb,0,0,0,0,0,0,1,1
199,BIG,Foot4fxy8CHxM37W8BeHwK6aLd8VH2yHTFu43KCxbCqc,0,0,0,0,0,0,1,1
200,mxyz,UCYaUNhgB2344N8Qpg4t712V9RHahcpTCejwXKspump,0,0,0,0,0,0,1,1
201,BULLY,79yTpy8uwmAkrdgZdq6ZSBTvxKsgPrNqTLvYQBh1pump,0,0,0,0,0,0,1,1
202,WYAC,BEgBsVSKJSxreiCE1XmWWq8arnwit7xDqQXSWYgay9xP,0,0,0,0,0,0,1,1
203,TNSR,HHoXk7WursT9DLBBhHzBWBbuQkfvvoNyHKpJi61mpump,0,0,0,0,0,0,1,1
204,HEGE,ULwSJmmpxmnRfpu6BjnK6rprKXqD5jXUmPpS1FxHXFy,0,0,0,0,0,0,1,1
205,Elon4AfD,BkYAUVMar1gLwuFLv2n5cmB6HhcNtvd86kU3gqAypump,0,0,0,0,0,0,1,1
206,TgMetrics,8tdzC7mFKhmfPg3KdSBafHqH7jgi3CvKomfj3Hhupump,0,0,0,0,0,0,1,1
207,DUCKAI,HFw81sUUPBkNF5tKDanV8VCYTfVY4XbrEEPiwzyypump,0,0,0,0,0,0,1,1
208,Neiro,CTJf74cTo3cw8acFP1YXF3QpsQUUBGBjh2k2e8xsZ6UL,0,0,0,0,0,0,1,1
209,DOGE,KQijDbNJ6rPCqhtXrfH6gKa5cH3a39At8vHq34nnPbF,0,0,0,0,0,0,1,1
210,GAYCOIN,AnGzGiQ6ddzdqWDuWy6vmibqDv8rsT2QKhcgDrwTpump,0,0,0,0,0,0,1,1
211,CAR,7oBYdEhV4GkXC19ZfgAvXpJWp2Rn9pm1Bx2cVNxFpump,0,0,0,0,0,0,1,1
212,TJRM,4AdDFsG1xzz1L7zKGo2fbiqv256Z92u8uCcJCgYuTBLo,0,0,0,0,0,0,1,1
213,Rizzmas,85cQsFgbi8mBZxiPppbpPXuV7j1hA8tBwhjF4gKW6mHg,0,0,0,0,0,0,1,1
214,AAA,275FUEyp5o7TWo1dCDYJyprb4o2WBcxEQsvmt816pump,0,0,0,0,0,0,1,1
215,FOREST,BoAQaykj3LtkM2Brevc7cQcRAzpqcsP47nJ2rkyopump,0,0,0,0,0,0,1,1
216,PHRZ,8fJCtfbuAaFzdwTnQP84nNhSpZdVy4Uc929eXZRBN8H4,0,0,0,0,0,0,1,1
217,FAFO,BP8RUdhLKBL2vgVXc3n7oTSZKWaQVbD8S6QcPaMVBAPo,0,0,0,0,0,0,1,1
218,daige,HsNx7RirehVMy54xnFtcgCBPDMrwNnJKykageqdWpump,0,0,0,0,0,0,1,1
219,STORE,FLJYGHpCCcfYUdzhcfHSeSd2peb5SMajNWaCsRnhpump,0,0,0,0,0,0,1,1
220,UBC,9psiRdn9cXYVps4F1kFuoNjd2EtmqNJXrCPmRppJpump,0,0,0,0,0,0,1,1
221,$TOAD,FViMp5phQH2bX81S7Yyn1yXjj3BRddFBNcMCbTH8FCze,0,0,0,0,0,0,1,1
222,Quant,3an8rhdepsLCya22af7qDBKPbdomw8K4iCHXaA2Gpump,0,0,0,0,0,0,1,1
223,MAD,madHpjRn6bd8t78Rsy7NuSuNwWa2HU8ByPobZprHbHv,0,0,0,0,0,0,1,1
224,HTERM,BDW8YHasD3NSDjSHU9Xy6KXtshGayMGQfj5bJpLcpump,0,0,0,0,0,0,1,1
225,SEND,SENDdRQtYMWaQrBroBrJ2Q53fgVuq95CV9UPGEvpCxa,0,0,0,0,0,0,1,1
226,PENG,A3eME5CetyZPBoWbRUwY3tSe25S6tb18ba9ZPbWk9eFJ,0,0,0,0,0,0,1,1
227,GEOD,7JA5eZdCzztSfQbJvS8aVVxMFfd81Rs9VvwnocV1mKHu,0,0,0,0,0,0,1,1
228,GREED 3,CPBQqugWWCcyehezHf4uSJtET2kmYNqPuhyb57H5pump,0,0,0,0,0,0,1,1
229,FIGHT,KMnDBXcPXoz6oMJW5XG4tXdwSWpmWEP2RQM1Uujpump,0,0,0,0,0,0,1,1
230,Hobbes,6n7Janary9fqzxKaJVrhL9TG2F61VbAtwUMu1YZscaQS,0,0,0,0,0,0,1,1
231,APY,yLUD35WTiPLEY6DUqEj5W2JVXF2DfKB5arPkKJXpump,0,0,0,0,0,0,1,1
232,CAT,4HBQm2EhdpUWZkTYxttxNDnsoWi5beRAGWHpjVo8pump,0,0,0,0,0,0,1,1
233,dreams,GMzuntWYJLpNuCizrSR7ZXggiMdDzTNiEmSNHHunpump,0,0,0,0,0,0,1,1
234,SKBDI,DPaQfq5sFnoqw2Sh9WMmmASFL9LNu6RdtDqwE1tab2tB,0,0,0,0,0,0,1,1
235,W,85VBFQZC9TZkfaptBWjvUw7YbZjy52A6mjtPGjstQAmQ,0,0,0,0,0,0,1,1
236,RAPR,RAPRz9fd87y9qcBGj1VVqUbbUM6DaBggSDA58zc3N2b,0,0,0,0,0,0,1,1
237,TTG,4ELGifwr2jHtEaFZUXXvQLAYiE6W5bvpWYZbJTRSpump,0,0,0,0,0,0,1,1
238,MWOR,EoRe4xECTe9imaYtwfdmrGoinD2S1N5yMeu1LrjQpump,0,0,0,0,0,0,1,1
239,Beenz,9sbrLLnk4vxJajnZWXP9h5qk1NDFw7dz2eHjgemcpump,0,0,0,0,0,0,1,1
240,Pepe,B5WTLaRwaUQpKk7ir1wniNB6m5o8GgMrimhKMYan2R6B,0,0,0,0,0,0,1,1
241,Luigi,5XyKkFaJpAmsH4Tf2EFj3S61W3hC5cJhxNZQQ5h1pump,0,0,0,0,0,0,1,1
242,BNTY,6TcoT3vcexjsMuuLvS9DhBUrVVcoqBMHEppQGQLMpump,0,0,0,0,0,0,1,1
243,KWANT,9Yt5tHLFB2Uz1yg3cyEpTN4KTSWhiGpKxXPJ8HX3hat,0,0,0,0,0,0,1,1
244,PBTC,HfMbPyDdZH6QMaDDUokjYCkHxzjoGBMpgaUvpLWGbF5p,0,0,0,0,0,0,1,1
245,$horny,8AS9yeGsAwvTs9gCDKMmB2MgX8NiSvv4uppH61yqpump,0,0,0,0,0,0,1,1
246,supercycle,2G8LH53fcr3aCrEsmAo73eunbZRbyjKrGH5qmur6pump,0,0,0,0,0,0,1,1
247,WOLF,Faf89929Ni9fbg4gmVZTca7eW6NFg877Jqn6MizT3Gvw,0,0,0,0,0,0,1,1
248,EKKO,89S9RdgynPq5odSRmcCDAzg26iYuRw4wqUmzMbjUpump,0,0,0,0,0,0,1,1
249,GYAT,EfgEGG9PxLhyk1wqtqgGnwgfVC7JYic3vC9BCWLvpump,0,0,0,0,0,0,1,1
250,MOSS,9bNUjxEvygayUE2ZRN5zh9Hhjh6cN6GPK4zoHzXXpump,0,0,0,0,0,0,1,1
251,YAPSTER,8CzPPqenpfRXvjE5DHfE3kMDgJhHwWZ1WXRzs44KsamW,0,0,0,0,0,0,1,1
252,HYPER,Aq8Gocyvyyi8xk5EYxd6viUfVmVvs9T9R6mZFzZFpump,0,0,0,0,0,0,1,1
253,APPLE,H33XL6HHDReCVRgSApZpsXM7Hy7JGyLztRJaGxjapump,0,0,0,0,0,0,1,1
254,VIBE,8tSeXYSXzFvaDX1nbWrEFFaFuPHuWqpzksKYxQPvpump,0,0,0,0,0,0,1,1
255,Oracler,5pPkhLEJDMFDHUuE1wW5os5YJeyNUDVmih1DKgMFpB38,0,0,0,0,0,0,1,1
256,WHALES,GTH3wG3NErjwcf7VGCoXEXkgXSHvYhx5gtATeeM5JAS1,0,0,0,0,0,0,1,1
257,WAVE,5XUUN5z1yBPEwoLztu4qMenmFe6GQnZptBFsnFnEpump,0,0,0,0,0,0,1,1
258,ATLAS,ATLASXmbPQxBUYbxPsV97usA3fPQYEqzQBUHgiFCUsXx,0,0,0,0,0,0,1,1
259,FUKU,2KchKijPuwnwC92LPWVjFjRwB3WxKtzx9bbXZ7kRpump,0,0,0,0,0,0,1,1
260,NAVAL,7wM4MnbsPsG95A3WhZgbrPWvMtydKmJjqKr2ZVJVpump,0,0,0,0,0,0,1,1
261,Canada,788ucb6esrNwVxHzcpKjSakXvJWe2Ygw3QtHVwrUpump,0,0,0,0,0,0,1,1
262,ANTIRUG,ts3foLrNUMvwdVeit1oNeLWjYk7e4qsn8PqSsqRpump,0,0,0,0,0,0,1,1
263,ZARA,73UdJevxaNKXARgkvPHQGKuv8HCZARszuKW2LTL3pump,0,0,0,0,0,0,1,1
264,koto,BfdVHnbt9LSNAFCZU9kvTjbrH3jX78sv2siLKGQ7pump,0,0,0,0,0,0,1,1
265,stSOL,7dHbWXmci3dT8UFYWYZweBLXgycu7Y3iL6trKn1Y7ARj,0,0,0,0,0,0,1,1
266,ADX,AuQaustGiaqxRvj2gtCdrd22PBzTn8kM3kEPEkZCtuDw,0,0,0,0,0,0,1,1
267,scihub,GxdTh6udNstGmLLk9ztBb6bkrms7oLbrJp5yzUaVpump,0,0,0,0,0,0,1,1
268,KHAI,3TWgDvYBL2YPET2LxnWAwsMeoA8aL4DutNuwat2pKCjC,0,0,0,0,0,0,1,1
269,NORDO,5drB44YYwNVE6RyxZyRRLbDyEAHgdhkJVgsgc7P6pump,0,0,0,0,0,0,1,1
270,SVMAI,Cpzvdx6pppc9TNArsGsqgShCsKC9NCCjA2gtzHvUpump,0,0,0,0,0,0,1,1
271,ORCA,orcaEKTdK7LKz57vaAYr9QeNsVEPfiu6QeMU1kektZE,0,0,0,0,0,0,1,1
272,SPORE,8bdhP1UQMevciC9oJ7NrvgDfoW8XPXPfbkkm6vKtMS7N,0,0,0,0,0,0,1,1
273,YAKUB,7iagMTDPfNSR5zVcERT1To7A9eaQoz58dJAh42EMHcCC,0,0,0,0,0,0,1,1
274,FATHA,EWWDzCwq4UYW3ERTXbdgd6X6sdkKHFMJqRz1ZiFcpump,0,0,0,0,0,0,1,1
275,BILLY,9Rhbn9G5poLvgnFzuYBtJgbzmiipNra35QpnUek9virt,0,0,0,0,0,0,1,1
276,DRIFT,DriFtupJYLTosbwoN8koMbEYSx54aFAVLddWsbksjwg7,0,0,0,0,0,0,1,1
277,LLD,GwKKPsJdY5oWMJ8RReWLcvb82KzW6FKy2bKoYW7kHr16,0,0,0,0,0,0,1,1
278,SOLAMA,AVLhahDcDQ4m4vHM4ug63oh7xc8Jtk49Dm5hoe9Sazqr,0,0,0,0,0,0,1,1
279,Mundi,4BBjpGwLgGmUxtT82YFK9xMhcvyy3zgf3HpxTRip1YoU,0,0,0,0,0,0,1,1
280,GINNAN,GinNabffZL4fUj9Vactxha74GDAW8kDPGaHqMtMzps2f,0,0,0,0,0,0,1,1
281,tooker,9EYScpiysGnEimnQPzazr7Jn9GVfxFYzgTEj85hV9L6U,0,0,0,0,0,0,1,1
282,BIGBALLS,7mHCx9iXPJ7EJDbDAUGmej39Kme8cxZfeVi1EAvEpump,0,0,0,0,0,0,1,1
283,HAMMY,26KMQVgDUoB6rEfnJ51yAABWWJND8uMtpnQgsHQ64Udr,0,0,0,0,0,0,1,1
284,ASYM,DNMTk67urDBxEEVRx9HjVzCVu8en4Kgg5HfZy3E6pump,0,0,0,0,0,0,1,1
285,SUPA,zi87E9xtFPRQ2o9qqerFxUDQLZgEkHrhpHDxxZhYi9a,0,0,0,0,0,0,1,1
286,tremp,FU1q8vJpZNUrmqsciSjp8bAKKidGsLmouB8CBdf8TKQv,0,0,0,0,0,0,1,1
287,GUAC,AZsHEMXd36Bj1EMNXhowJajpUXzrKcK57wW4ZGXVa7yR,0,0,0,0,0,0,1,1
288,FatCat,AHdVQs56QpEEkRx6m8yiYYEiqM2sKjQxVd6mGH12pump,0,0,0,0,0,0,1,1
289,UPONLY,7qmWe2vUhhV1PJyN5aYUK3D5gBPkyFiwc4x5FrDcnTHZ,0,0,0,0,0,0,1,1
290,WBS,GJgHsc1HU4ibmzW6oWQr8L2RRT95ATc1BoNuLkp94AwU,0,0,0,0,0,0,1,1
291,KWEEN,DEf93bSt8dx58gDFCcz4CwbjYZzjwaRBYAciJYLfdCA9,0,0,0,0,0,0,1,1
292,e/acc,GqmEdRD3zGUZdYPeuDeXxCc8Cj1DBmGSYK97TCwSpump,0,0,0,0,0,0,1,1
293,TRENCH,GACpABn18xqiSJbD9ZEyArJDT9RHRMUut5nK9Z9Spump,0,0,0,0,0,0,1,1
294,PPCOIN,76PsEyML7UV9uiBDWMdG3itRRuupDuRs6nNpjNBpump,0,0,0,0,0,0,1,1
295,create,92crE7qiX5T7VtiXhCeagfo1E81UtyguiXM7qCi7pump,0,0,0,0,0,0,1,1
296,AABL,ENoD8J2J6wNHkcJkvVBkwq5JMiR1oNBfBZRkoHCQogyT,0,0,0,0,0,0,1,1
297,FUNGI,3u4XvCjmTmQmcvjoxo1z8y3wnRdtnCuv6N9WkiE6FJvH,0,0,0,0,0,0,1,1
298,COOK,G8Vy25NzjRmuQtnN35xF7j3X2Z1TrV39XijZu8Mg4w8n,0,0,0,0,0,0,1,1
299,Cheese,AbrMJWfDVRZ2EWCQ1xSCpoVeVgZNpq1U2AoYG98oRXfn,0,0,0,0,0,0,1,1
300,TRUST,EqeEBGHQhQy6SqeaJcnqAsNs3qaG19sdF89Xsarpump,0,0,0,0,0,0,1,1
301,TrenchAI,AaWVpk6eZbgBfVbq1UfXw3EXBmAvw4QXov1xHuG7pump,0,0,0,0,0,0,1,1
302,TDS,7KuFdcfzbc3LLoRHNRWfW1dhbPNzuCv41hyYbfSUpump,0,0,0,0,0,0,1,1
303,XWH,7AJ1KjzjstMnQGzZk1HAKx2atmvvRqWvmRbdYmnviryq,0,0,0,0,0,0,1,1
304,autism,BkVeSP2GsXV3AYoRJBSZTpFE8sXmcuGnRQcFgoWspump,0,0,0,0,0,0,1,1
305,GrokCoin,3MadWqcN9cSrULn8ikDnan9mF3znoQmBPXtVy6BfSTDB,0,0,0,0,0,0,1,1
306,SBR,2HHgCLfKA5Rd1Fn9xAxfYzS3XoR5NnuxKDYz2EmWpump,0,0,0,0,0,0,1,1
307,NYAN,49ztDWXk7qEfz8Y1t8owmhLhewiA3ptVNPpRGAjRd8Wh,0,0,0,0,0,0,1,1
308,SHIT,2e1pdGgJEy5VbgsF5wG2jqRKoLJapjpQcXMd2TLuktUF,0,0,0,0,0,0,1,1
309,FSTR,FSTRgYfDaudjDwFg5A9LQpDMq5vxqhskHq4rkjUMwERE,0,0,0,0,0,0,1,1
310,ZAILGO,GorvUUSkJGSzJUebM5W6berUkZ5pG8nmnn7tmk74pump,0,0,0,0,0,0,1,1
311,DOBBY,CPcf58MNikQw2G23kTVWQevRDeFDpdxMH7KkR7Lhpump,0,0,0,0,0,0,1,1
312,DEFAPE,LSZmgFnezyfSyWW5xn6dc8fC253cnwYTGgf1TZLGapE,0,0,0,0,0,0,1,1
313,GNZ,FFgfStKwuF3DSxEeogA69FNkPrkb7XDA5Tw29TBEpump,0,0,0,0,0,0,1,1
314,AGENCY,5UmDWgyLV1JBg8Jr8NwyezXdQkiU3vHGJu2efm7Cpump,0,0,0,0,0,0,1,1
315,T3AI,CckLtcfEtsYzg8sUrVBBrFKt16iExpvEurc1dhKmmoon,0,0,0,0,0,0,1,1
316,DTF,EmhVWGUa2Q9PN4QjzFjvuVyzFKg4s3ERwjKR9dQDpump,0,0,0,0,0,0,1,1
317,S&P500,8vSwZHKP5WJ8ov6awAntB31Kuyh6NYVwi3qmyZsiivRE,0,0,0,0,0,0,1,1
318,CHEEMS,3FoUAsGDbvTD6YZ4wVKJgTB76onJUKz7GPEBNiR5b8wc,0,0,0,0,0,0,1,1
319,Ainti,BAezfVmia8UYLt4rst6PCU4dvL2i2qHzqn4wGhytpNJW,0,0,0,0,0,0,1,1
320,ponzi,tqrRt3AsuGa3aYYSvABMDrPJEWVzpAnh3p6LxXGpump,0,0,0,0,0,0,1,1
321,SENTAI,CXPLyc3EX8WySgEXLbjhuA7vy8EKQokVJYQuJm2jpump,0,0,0,0,0,0,1,1
322,BGG1,62CsquahdQ3J286G9UTqV6whxryfihdV4yg7kSJnpump,0,0,0,0,0,0,1,1
323,wDOG,GYKmdfcUmZVrqfcH1g579BGjuzSRijj3LBuwv79rpump,0,0,0,0,0,0,1,1
324,YE,CQSPU12VppGZB7LeRkEaKzrRBzvo1LyA9mR2ydiwKHaL,0,0,0,0,0,0,1,1
325,INCEL,GACL2mEL9BR4baJBbYWfNKa5mxBYXRdU4ZthedKcVkx1,0,0,0,0,0,0,1,1
326,momo,CHVggq5Bu2UKLB1MQtLciDV3UKv5hwLkJwA14egApump,0,0,0,0,0,0,1,1
327,xencat,7UN8WkBumTUCofVPXCPjNWQ6msQhzrg9tFQRP48Nmw5V,0,0,0,0,0,0,1,1
328,USEDCAR,9gwTegFJJErDpWJKjPfLr2g2zrE3nL1v5zpwbtsk3c6P,0,0,0,0,0,0,1,1
329,BUCK,FLqmVrv6cp7icjobpRMQJMEyjF3kF84QmC4HXpySpump,0,0,0,0,0,0,1,1
330,FAF,FAFxVxnkzZHMCodkWyoccgUNgVScqMw2mhhQBYDFjFAF,0,0,0,0,0,0,1,1
331,BITCOIN,CTgiaZUK12kCcB8sosn4Nt2NZtzLgtPqDwyQyr2syATC,0,0,0,0,0,0,1,1
332,COST,Av6qVigkb7USQyPXJkUvAEm4f599WTRvd75PUWBA9eNm,0,0,0,0,0,0,1,1
333,SHEGEN,2KgAN8nLAU74wjiyKi85m4ZT6Z9MtqrUTGfse8Xapump,0,0,0,0,0,0,1,1
334,SUCHIR,ByXTsen3ftsd7SsqgXpSZqrEeoMV8Smhz1vox9j6pump,0,0,0,0,0,0,1,1
335,NAI,Fxm6tJ2khHbLVcSgnYUqg9FiBduVRLEvdQR67dvQ3eGp,0,0,0,0,0,0,1,1
336,LORE,BYMCXiiA4om347ChR4t6bYHzkKJwnULLAg72BeDdpump,0,0,0,0,0,0,1,1
337,SOLNIC,DeaKMzAeZja3Mh5okZE6WUvygLP3Lfuvm6Rg78HqXTz9,0,0,0,0,0,0,1,1
338,MINIDOGE,8J6CexwfJ8CSzn2DgWhzQe1NHd2hK9DKX59FCNNMo2hu,0,0,0,0,0,0,1,1
339,$WHISKEY,9UNqoPEXXxEnEphmyYsZYdL5dnmAUtdiKRUchpnUF5Ph,0,0,0,0,0,0,1,1
340,CHIIKAWA,DHoadXCbf6TcadkcMGJ8kFRdDa2sXPQ1KrgodUDRpump,0,0,0,0,0,0,1,1
341,SCARF,ELdqGtj2MhejZzudGfz7b798si2Av5Asuw9ryEQSpump,0,0,0,0,0,0,1,1
342,TIRED,5ZMUboLJUeneKouqrqu4jeLE68vX68ehE5qprV3Upump,0,0,0,0,0,0,1,1
343,N2,3t4yhNHfy5jZ9skJw9ZMRHvLJw1WUPouJ4TSxatTpump,0,0,0,0,0,0,1,1
344,WORK,F7Hwf8ib5DVCoiuyGr618Y3gon429Rnd1r5F9R5upump,0,0,0,0,0,0,1,1
345,PILLZUMI,97Mbx6Jym1iEkQdVfLf5PMWL5tARGnQ5na5jhR9Lpump,0,0,0,0,0,0,1,1
346,MPLX,METAewgxyPbgwsseH8T16a39CQ5VyVxZi9zXiDPY18m,0,0,0,0,0,0,1,1
347,Stoic,62mETtNRaVY5iNsJr5YexsbVg1uyyoLwtoWLSnjApump,0,0,0,0,0,0,1,1
348,GENE,GENEtH5amGSi8kHAtQoezp1XEXwZJ8vcuePYnXdKrMYz,0,0,0,0,0,0,1,1
349,POLIS,poLisWXnNRwC6oBu1vHiuKQzFjGL4XDSu4g9qjz9qVk,0,0,0,0,0,0,1,1
350,CHINA,E2BGnzHdJNUBtAVR7EyQMuEMHqgv65JL8J9ZyqyXUVvA,0,0,0,0,0,0,1,1
351,NiggaButt,8fZL148nnC168RAVCZh4PkjvMZmxMEfMLDhoziWVPnqf,0,0,0,0,0,0,1,1
352,r/snoofi,7M9KJcPNC65ShLDmJmTNhVFcuY95Y1VMeYngKgt67D1t,0,0,0,0,0,0,1,1
353,UNIPCS,E3enwdJowhDeRe3f7mMwAZGVkJ5aWEtPUGRusP2Jpump,0,0,0,0,0,0,1,1
354,INDYQ,Fck6Uhufy86Z3wJWBareLbNHQe2z91asfK7cBKZDxBcd,0,0,0,0,0,0,1,1
355,BETH,7uJrMsDN2Wxdc3VAq1iK9N5AHaTA7wUpbm1wqRonpump,0,0,0,0,0,0,1,1
356,KACY,6QSVGUEyBZWRshnXKhS96NQ97vGWiTu61SyHLAbYpump,0,0,0,0,0,0,1,1
357,NOVA,AxDKAyDsC7p8C5MeDFX6FKV2MPCSGwzkRfGY2qZZpump,0,0,0,0,0,0,1,1
358,Focai,5qsZAnWuR7vMJbiznrJEY2ddVqZXjNYmFvR3eXSxpump,0,0,0,0,0,0,1,1
359,SENSUS,F8tDt7QRAYicWQPK5LTh8kZR4zKJPdTiEq5dwCcVpump,0,0,0,0,0,0,1,1
360,Duo,KFTSxPQxDV1wGjEvzKHWD7mG6e9TsMVq4eF4mQppump,0,0,0,0,0,0,1,1
361,DEGOD,degod39zqQWzpG6h4b7SJLLTCFE6FeZnZD8BwHBFxaN,0,0,0,0,0,0,1,1
362,REAL,AD27ov5fVU2XzwsbvnFvb1JpCBaCB5dRXrczV9CqSVGb,0,0,0,0,0,0,1,1
363,CYB,4xieJTWvYfWGTdZYjxZNePjqGu74NexmcjLUpfFLVAPx,0,0,0,0,0,0,1,1
364,Kekec,DexxZWtZd8hdmeth9gKYXgTWa1VYdMVrWFBZ9RXXXhBn,0,0,0,0,0,0,1,1
365,boden,3psH1Mj1f7yUfaD5gh6Zj7epE8hhrMkMETgv5TshQA4o,0,0,0,0,0,0,1,1
366,sora,89nnWMkWeF9LSJvAWcN2JFQfeWdDk6diKEckeToEU1hE,0,0,0,0,0,0,1,1
367,HEEHEE,9dLuVbJMd4ZpTpFgmaFHAGSsFwVjtcnzFWaLAA1expHg,0,0,0,0,0,0,1,1
368,ASSCOIN,G3EDZoS49NRVKP8X1HggHZJueJeR8d2izUHeXdV3pump,0,0,0,0,0,0,1,1
369,ELON,7ZCm8WBN9aLa3o47SoYctU6iLdj7wkGG5SV2hE5CgtD5,0,0,0,0,0,0,1,1
370,Fullsend,AshG5mHt4y4etsjhKFb2wA2rq1XZxKks1EPzcuXwpump,0,0,0,0,0,0,1,1
371,test,4Hcm1TfA1MvVhCQHvJCcKL7ymUhJZAV7P439H5ZHnKRh,0,0,0,0,0,0,1,1
372,SHRUB,Em8WF6pg9FmKDy1dXkWhXxpgmfhj5Bes3ZCE8PCCJSHt,0,0,0,0,0,0,1,1
373,YURU,mm7g78aMJZv8QB4Q15qbsM3UQJZWof85vwC2NSxRh2Q,0,0,0,0,0,0,1,1
374,monk,FYa25XnBsXQXAdTnsyKBKd5gZ1VZhChBRF57CqfRxJZX,0,0,0,0,0,0,1,1
375,SOAP,5bs3kHmjo1F3ZL42scfYyx9re3hhnayZYF8NkUr5D8HE,0,0,0,0,0,0,1,1
376,Thales,7yn2PRbB96TgcCkkMK4zD6vvMth6Co5B5Nma6XvPpump,0,0,0,0,0,0,1,1
377,BIRDFLU,EUxS8Kqvbe8zDr8bG1RYtgjVNzEhMTG6B6H3WwrCHfwA,0,0,0,0,0,0,1,1
378,JPOW,orairHM3Yw2PbTfCty1PXy7tEUx3uBMfjouNbm4KnRJ,0,0,0,0,0,0,1,1
379,DATAWITCH,CwsQd329uL1ccxT3my2EJCEsciT1CUfk2BUmPF8Ppump,0,0,0,0,0,0,1,1
380,Barron,HmAgiwjjP9CXqK5wQNsHKtjAt2CH3Kv8Q7xH5kGL2nqZ,0,0,0,0,0,0,1,1
381,gomu,Bx74hpFiaiBbSonrjyqxjGfAA7gRxM2CeKiy31uN6biR,0,0,0,0,0,0,1,1
382,CHORUZ,361pUXTPohPEgcnCVm7DUvNziizK37gVxLN3cw9Vpump,0,0,0,0,0,0,1,1
383,THURSTON,9pnDLVWmWyccy6HhZKcCiwrQEBX1UHQ5ikKPo5xrpump,0,0,0,0,0,0,1,1
384,POWSCHE,8CkiSHHJDHJV4LUoiRMLUhqG58cUkbyJRtcP4Z3mCXNf,0,0,0,0,0,0,1,1
385,HOLO,B8hCuoikV9gLeuwmTyhNdLbPnb5k3P77Q7WTtEM7pump,0,0,0,0,0,0,1,1
386,GRFT,2aWos2YsA6YjN5DHX77diRUx7SKMg7H1U8hqL2N1iy5o,0,0,0,0,0,0,1,1
387,     ,2qDstBuxtqWD2cC74QsMEpAFTHyTerructuG5TF9pump,0,0,0,0,0,0,1,1
388,alpha,Cg93SZJkHePybZqGDuyXLf5Ag5sB2cpWfHUG8wNPpump,0,0,0,0,0,0,1,1
389,NGNF,CXcWiHFDM1J8RHfAuzor1YGSk6BxGKFY5kstjUZjpump,0,0,0,0,0,0,1,1
390,symx,Fu4jQQpUnECSVQrVfeeVPpQpXQffM75LL328EJPtpump,0,0,0,0,0,0,1,1
391,DRUGS,CX9YDTED9TWgVXVoFy8JL9gSSAEWcTv4mzjLSv17LQsj,0,0,0,0,0,0,1,1
392,300BAUD,7Yg9Lzgsvjy49mf3LdGyfmn2tT2rGBDUc77267SUpump,0,0,0,0,0,0,1,1
393,ZACK,8vCAUbxejdtaxn6jnX5uaQTyTZLmXALg9u1bvFCAjtx7,0,0,0,0,0,0,1,1
394,ONLYBLINK,on1ymEH2bpWnhkten2jibzDVhaxJ8RpyWYwS61aQ7M4,0,0,0,0,0,0,1,1
395,MIMANY,3Rcc6tMyS7ZEa29dxV4g3J5StorS9J1dn98gd42pZTk1,0,0,0,0,0,0,1,1
396,SSR,7d5uLATMiAoRC1n9yNc7VCrhx44H6bjEzDx7Gxuhpump,0,0,0,0,0,0,1,1
397,BBC,ES1KLhatf4uiDs4Gt5MJkNMCKdYzcwaJnKWt5fTn1ca2,0,0,0,0,0,0,1,1
398,ETFS,MM8o3Sk58NufoS8Zds7MYTC1LcStfCaqinN5T2pdNtp,0,0,0,0,0,0,1,1
399,speed,5Wd2ALxQfnpgQKCyH4WL9giBiiuuLuJs84CJxfQccvmN,0,0,0,0,0,0,1,1
400,ZODs,J1ow1c3ExcJYQmgNFRPfCp1LMYRf6P3A33isDcBmpump,0,0,0,0,0,0,1,1
401,Claude,HaL8cPcEZgwLaCbwyf6aAPh7rhw7iHck22zFXSNjpump,0,0,0,0,0,0,1,1
402,piin,piinKrjeiUVwhnXzsgNCV2aVGsBc4GwHQ9eCtkAgcTw,0,0,0,0,0,0,1,1
403,XAND,XANDuUoVoUqniKkpcKhrxmvYJybpJvUxJLr21Gaj3Hx,0,0,0,0,0,0,1,1
404,ITMT,AATECgWF4KjALbpgUXjabqFKHmdtjWdfdFNzCH3ipump,0,0,0,0,0,0,1,1
405,FRN,J5tzd1ww1V1qrgDUQHVCGqpmpbnEnjzGs9LAqJxwkNde,0,0,0,0,0,0,1,1
406,RIFT,jUpa2aDCzvdR9EF4fqDXmuyMUkonPTohphABLmRkRFj,0,0,0,0,0,0,1,1
407,GOOD,A6WCD9dzgpCpCofGG7boCN3jJitmBSoXS7tgZa4rGooD,0,0,0,0,0,0,1,1
408,CALVIN,229vWzBTiUNdraYpVtSH9usTwwVxcyPDbBWf1zEPpump,0,0,0,0,0,0,1,1
409,URKO,AXGmqhcKcPC4bC7vNpxGtu5oEwoEEnyeQUdw9YwYWF1q,0,0,0,0,0,0,1,1
410,RHUN,Gh8yeA9vH5Fun7J6esFH3mV65cQTBpxk9Z5XpzU7pump,0,0,0,0,0,0,1,1
411,LI,HhUVkZ1qz8vfMqZDemLyxBFxrHFKVSYAk7a6227Lpump,0,0,0,0,0,0,1,1
412,CRIME,7M3gDRgozcumFsiTeXwjB8cYxpg7Q9R7rH7rkw2Fpump,0,0,0,0,0,0,1,1
413,duk,A2khRbhRJNrAEHj95htivC4cR4VbJwfssDH5FPPbP4m9,0,0,0,0,0,0,1,1
414,$dicki,8EHC2gfTLDb2eGQfjm17mVNLWPGRc9YVD75bepZ2nZJa,0,0,0,0,0,0,1,1
415,miharu,6tVZVjcppH2BZ9Xj5yFU1Zt34m2rYcyDqqpSeMDZpump,0,0,0,0,0,0,1,1
416,KEYDOG,3fGoNjPohYRVPk9iJuwEW5WuURU5gmAdSRgNgeaanexQ,0,0,0,0,0,0,1,1
417,0x0x,6mZ76DjmTYhtEGLcVSEyeS5VcByHauxpw6oYQL4spump,0,0,0,0,0,0,1,1
418,ROSS,2q8Y8rubbsaaA3faq8Ytsk382JXgtKdn23qjNXhSpump,0,0,0,0,0,0,1,1
419,STASH,EWMfSJgDCE7CXDAYz3hbCaA7NsFHTnddySXx3shco2Hs,0,0,0,0,0,0,1,1
420,RHD,6rUT1GmuuTr6pK8bW3hb9SZDVyDd9GfRTaAe8VV8pump,0,0,0,0,0,0,1,1
421,JAIL,8cNmp9T2CMQRNZhNRoeSvr57LDf1kbZ42SvgsSWfpump,0,0,0,0,0,0,1,1
422,coby,8WnQQRbuEZ3CCDbH5MCVioBbw6o75NKANq9WdPhBDsWo,0,0,0,0,0,0,1,1
423,VHS ,5e41GfrQwTP74LgGt6WP9kw6xa1jQhAERCjnFKf74y52,0,0,0,0,0,0,1,1
424,Mizuki,9XS6ayT8aCaoH7tDmTgNyEXRLeVpgyHKtZk5xTXpump,0,0,0,0,0,0,1,1
425,OBOT,7yZFFUhq9ac7DY4WobLL539pJEUbMnQ5AGQQuuEMpump,0,0,0,0,0,0,1,1
426,ClubMoon,5gVSqhk41VA8U6U4Pvux6MSxFWqgptm3w58X9UTGpump,0,0,0,0,0,0,1,1
427,Jarvis,CmpuL8k9KY3NrpfDRoJrVmuwd1zRMFRUxX55avyGpump,0,0,0,0,0,0,1,1
428,EAI,12KwPzKewFGgzs69pvHmUKvhiDBtkAFCKoNjv6344Rkm,0,0,0,0,0,0,1,1
429,INTERN,6UxB5HCuuNm2HoHCp4TFVkPPE38L5zktESYKZ7Q5RC3f,0,0,0,0,0,0,1,1
430,SANDY,61yG5LCoeoqzBdopXPy6BsVPTGdRXht95L68hj5ipump,0,0,0,0,0,0,1,1
431,BWT,EmBBhcqgm2acaXv9dXQFyDZDkhL4YMoWnGdHaMQJpump,0,0,0,0,0,0,1,1
432,MSTASH,GVxCVNbMrnRFztSXMDFAheoN7JJdSTr1dTawrmwXPh2n,0,0,0,0,0,0,1,1
433,$SOULS,Agentfk87X48g37uPprEZaQtizDvnSQVeTqVjAtmbhd3,0,0,0,0,0,0,1,1
434,STONES,2xK7SDPUY1oCwch8G8guUPtTSGiAQCbZykR5Y4dCpump,0,0,0,0,0,0,1,1
435,PanterAI,FViZQJymuQ9FaxmpudCQS7ffJUt4udHzwJKPBiy7pump,0,0,0,0,0,0,1,1
436,ENT,ENTxR2RP8NtvhXzMNFCxE1HazzdV9x7SuZqGyAb4jdED,0,0,0,0,0,0,1,1
437,DEEBO,AzC1u8NPdpS6DVBs8Mv3P6egZ2AhN9KaGaY64xVMpump,0,0,0,0,0,0,1,1
438,CUR,8TbsZ3yH1mBHytVpmMn4qED2UeF3FgWUVt1pd5RBpump,0,0,0,0,0,0,1,1
439,PEPE,2Zaq3WyDJj2ZkMcuqUiTBfAXCjqZtqihxcwUdwv9dyHA,0,0,0,0,0,0,1,1
440,SOLENG,2wUGjvMqXusgfzYP3Vj149bSM9MwTPLS4maxkdGfpump,0,0,0,0,0,0,1,1
441,BOYS,9cLx6w1fN6b67VxsGxaFaCTgQcNqsA51p4uMWdkgQqmC,0,0,0,0,0,0,1,1
442,RIGHT,GnMkhejvQmjMfAwnrYfu1LN3AfheiSo6pD2WaBeRL648,0,0,0,0,0,0,1,1
443,CWAR,HfYFjMKNZygfMC8LsQ8LtpPsPxEJoXJx4M6tqi75Hajo,0,0,0,0,0,0,1,1
444,Ozzi,89pqn5WNoDe7JVMfj6jN9FmFbzGzVRhDMv2NQpZ9pump,0,0,0,0,0,0,1,1
445,$GARY,8c71AvjQeKKeWRe8jtTGG1bJ2WiYXQdbjqFbUfhHgSVk,0,0,0,0,0,0,1,1
446,ForexLens,aSCcjVmMJttZQNYtzhFXmqmUiTm8xkJBggn4sj8pump,0,0,0,0,0,0,1,1
447,BeffAI,2Tr3i2qjSPUb7e7BSFWTq7gsRzJEnYBKc7wRAYu3pump,0,0,0,0,0,0,1,1
448,GNRT,oraiJP7H3LAt57DkFXNLDbLdBFNRRPvS8jg2j5AZkd9,0,0,0,0,0,0,1,1
449,GOBI,CwdjgD54hgTQChspxHhirWLQWqy3EsxtndrcpLBqpump,0,0,0,0,0,0,1,1
450,MIKU,48BVWSkY5XxZ9HwaKet2kAYvjP9gPviUmm8Xg2EKCLNx,0,0,0,0,0,0,1,1
451,HUAHUA,77RBCP95AFT9XRsx4xuGUHjBQsjcatGYCZ2VXx8Epump,0,0,0,0,0,0,1,1
452,KNOT,7RDvypx3p9EWq4nZZKux1ZQAc7DUWXpHTVKxCCnupump,0,0,0,0,0,0,1,1
453,WING,3UYS3XXYC9yWvNyBWFKqqb5w9YQfX65RQzoAKd8jEUCB,0,0,0,0,0,0,1,1
454,DFL,DFL1zNkaGPWm1BqAVqRjCZvHmwTFrEaJtbzJWgseoNJh,0,0,0,0,0,0,1,1
455,RM9000,G6haJithfeUgSghVpu1rDPCq2NFiYcJFHNpHEANbpump,0,0,0,0,0,0,1,1
456,rot,APoM2sXUzdRHTkUjXSsdUheX1wPPdP4HFLotmtRNMU8P,0,0,0,0,0,0,1,1
457,BTW,4ytpZgVoNB66bFs6NRCUaAVsLdtYk2fHq4U92Jnjpump,0,0,0,0,0,0,1,1
458,fun,9MnKTgwFyXJgnZumHGT9NdHuzm98ACjkNwpLniLhpump,0,0,0,0,0,0,1,1
459,MPUP,8PVFdKx7fX1FmmoASfTu5CUPEWuD1WY73Z24UTgCpump,0,0,0,0,0,0,1,1
460,MUSK,CizD2cPCTNJezkbnrkK5pxsPP9XocotSLEq5fvLW6TRY,0,0,0,0,0,0,1,1
461,DrOdin,ERzsfG1aVp8YgDFXSFBNbEQ4YWsNgNVKgsBDVfDs6Jdh,0,0,0,0,0,0,1,1
462,TrackedBio,7t1T28iMh5GsW8oTMx52x3u3M3hDbaY8psbL3rZ6BMrn,0,0,0,0,0,0,1,1
463,USDCAT,F23fFqpRNsmWjuUrFpfM1pvoVvMSpLuN6hY978Y1JXLt,0,0,0,0,0,0,1,1
464,DIGICASH,EjJhYzvz2vhmZrq8fP7offFpeuTxdP1dWJuW1q6w8cHH,0,0,0,0,0,0,1,1
465,Terminus,54Ah6XTV7n27SuFa2sqyz7DSoRmVmFTbB6wbuzqPpump,0,0,0,0,0,0,1,1
466,doodoo,JDwzFSxcUvLubUb9xAuuZNvh4bbcEJcuM9TezpmRHVWF,0,0,0,0,0,0,1,1
467,PURE,E5DpUjFJtiyj8qK7eQtLVjiNxB9o2iHmQbMYVn93bfe4,0,0,0,0,0,0,1,1
468,KIRA,CefZxozhhxK88XPJoeWBczYSaBPd35tsKnziTH6Cpump,0,0,0,0,0,0,1,1
469,BAOBAO,GeBCL92LPDysZPFYjRkPe7cK42Vb4ehHPZCTtCSwja7w,0,0,0,0,0,0,1,1
470,BUNKER,8NCievmJCg2d9Vc2TWgz2HkE6ANeSX7kwvdq5AL7pump,0,0,0,0,0,0,1,1
471,CORN,6DSqVXg9WLTWgz6LACqxN757QdHe1sCqkUfojWmxWtok,0,0,0,0,0,0,1,1
472,HSM,Gv8mfuosgCKCj9tPs9VWS1GzETemr69Lnr2jwjbWpump,0,0,0,0,0,0,1,1
473,Seals,BKQwzUrcibzZsm1Sm9TVgzxA9G7bAYszCaGJcALMpump,0,0,0,0,0,0,1,1
474,AUTO,2Yufe8mbyi75Zrye56KYz7CVKoX7oCtDZRksd8tQpump,0,0,0,0,0,0,1,1
475,JASPER,FMhxJLNmbw6UVKN3ANDKhFdgdEgqJiUEDnBgtDW4pump,0,0,0,0,0,0,1,1
476,000,CVU6QRwpHz94UGyPFFehm1G1sFYRH7xDk9UhZ9RApump,0,0,0,0,0,0,1,1
477,SCOUT,GLPdQwGtjcynj3RLraenPeR9v1REnpdyuciPBpVipump,0,0,0,0,0,0,1,1
478,MOE,8xzoj8mVmXtBQm6d2euJGFPvQ2QsTV5R8cdexi2qpump,0,0,0,0,0,0,1,1
479,REIGN,4Svy1p3ZvaRv46Nqg22wTWb5Ge425dEG1m2f8SM5pump,0,0,0,0,0,0,1,1
480,ALR,FwzpNxnabjZvc8QCnV6qPEBKxqLxSyjobc5Etdgxpump,0,0,0,0,0,0,1,1
481,WORM,DwDtUqBZJtbRpdjsFw3N7YKB5epocSru25BGcVhfcYtg,0,0,0,0,0,0,1,1
482,MEDIA,BNT4uhSStq1beFADv3cq4wQAVfWB392PjAaxTBpNeWxu,0,0,0,0,0,0,1,1
483,GAIM,53dig5bMmYBGNxDXAGFNjA59mqry3piqTpbFzYKEpump,0,0,0,0,0,0,1,1
484,QFE,DECqp3qgUAarXoP2FssBnFXPsqtLhc5Y9UuvjxWMpump,0,0,0,0,0,0,1,1
485,HENTAI6900,69veVD4oo3QbJzXrAH7Rans8sue68AsgYyirWUrxSQUy,0,0,0,0,0,0,1,1
486,SEDUX,5Kh2xc7X2qfRig2DZyGkuEXw7jeXUXoei7U6GBjfpump,0,0,0,0,0,0,1,1
487,$MATRIX,E1R4RF89GcKxz62DVfojxDJteLFFs8rtiXcGcrx5HbTj,0,0,0,0,0,0,1,1
488,EARL,BjjvKX5k7gQoGRmvQAA5WMr7EkQ2cirGTSGxAznDpump,0,0,0,0,0,0,1,1
489,Bakso,FqnqT1GKi8S4Gyk5wnSKvJjXW48HqGtKJt9WS4o2pump,0,0,0,0,0,0,1,1
490,KOHLER,HmfNGq7kxE6ppMDGW87xPuMU6wnKbeYBZf76K7t33w3s,0,0,0,0,0,0,1,1
491,LEXICON,E4wg8YF472u8oiLvSNKB84Y23gZhkSQ3PSCJaUj4pump,0,0,0,0,0,0,1,1
492,DOLLAR,5AnPDx9GposBi9jSW2dFfE5QQD3FmXbudoquMNDxpump,0,0,0,0,0,0,1,1
493,SCS,SCSuPPNUSypLBsV4darsrYNg4ANPgaGhKhsA3GmMyjz,0,0,0,0,0,0,1,1
494,Jail Milei,2BuXJDuA8dnqUpytSpnyxNy9ymuchZFbWxFcsRgFpump,0,0,0,0,0,0,1,1
495,NOOZ,3nB8icMZZpMwDXx7W9mS4SjxKFMSNzi7yoe225AGnooZ,0,0,0,0,0,0,1,1
496,EARN,8CuPzHKuZQUyYbear8fi3u6iuTY652WVZT2cHZ2yeNbE,0,0,0,0,0,0,1,1
497,Jarvis,FR382Gv7RxrEb2q1MZkP9athyJC9rUBt8M2jKfyKpump,0,0,0,0,0,0,1,1
498,PP,pendtPbpbPrRhivwACW84ePMcTeiX1PMYXperKi3Nhw,0,0,0,0,0,0,1,1
499,ANCHOVY,HKKagAnZBoJPWS4z5AZ5bErB7Uj6u2mkLo4ysD7mpump,0,0,0,0,0,0,1,1
