No., token_name, token_address, 2A, 2B, 4A, 4B, 5A, 5B, 6A, 6B
1,GOLD,9YnfbEaXPaPmoXnKZFmNH8hzcLyjbRf56MQP7oqGpump,1,1,0,0,1,1,0,0
2,CARTI,J2JtfsdDaQWbkJdSwF83J66XBds5SRoP1RkYxwmgpump,1,1,0,0,1,1,0,0
3,Jellybean,AhJ2u3o7CK4sPk9WQ2rr8FwG1xSTBMMqkjXZbeqapump,1,1,0,0,0,0,1,1
4,MEW,1327jtDk2xxUYiXkVZ6ZjzymDbi9GVW6Jso3v1rGpump,1,1,0,0,1,1,0,0
5,MMC,ZgcTDEsJKF1i1N3BoNPgTWEwZPP53SsiDfkm4iXpump,1,1,0,0,0,0,1,1
6,PISS,FkE3v2TjafPxcx8Sv4MkDpRvhEWmfL1gaBxiQTixpump,1,1,0,0,0,0,0,0
7,EURC,HzwqbKZw8HxMN6bF2yFZNrht3c2iXXzpKcFu7uBEDKtr,0,0,1,1,0,0,1,1
8,pwease,CniPCE4b3s8gSUPhUiyMjXnytrEqUrMfSsnbBjLCpump,0,0,1,1,0,0,1,1
9,FDUSD,9zNQRsGLjNKwCUU5Gq5LR8beUCPzQMVMqKAi3SSZh54u,0,0,1,1,0,0,1,1
10,PVS,FWAr6oWa6CHg6WUcXu8CqkmsdbhtEqL8t31QTonppump,0,0,1,1,0,0,1,1
11,SNAI,Hjw6bEcHtbHGpQr8onG3izfJY5DJiWdt7uk2BfdSpump,0,0,1,1,0,0,1,1
12,ME,MEFNBXixkEbait3xn9bkm8WsJzXtVsaJEn4c8Sam21u,0,0,1,1,0,0,1,1
13,EIC,9m3nh7YDoF1WSYpNxCjKVU8D1MrXsWRic4HqRaTdcTYB,0,0,1,1,0,0,1,1
14,PROMETHEUS,DTPUUPRxnHAdM3DoiDiUf7M3mym8GXdp6A97AJEZpump,0,0,1,1,0,0,1,1
15,GRASS,Grass7B4RdKfBCjTKgSqnXkqjwiGvQyFbuSCUJr3XXjs,0,0,1,1,0,0,1,1
16,WOF,GmMautNDHVBsaxt2W38SMi2kqAgrG1HZJkHhdE7Ypump,0,0,1,1,0,0,1,1
17,KMNO,KMNo3nJsBXfcpJTVhZcXLW7RmTwTt4GVFE7suUBo9sS,0,0,1,1,0,0,1,1
18,YZY,9gyfbPVwwZx4y1hotNSLcqXCQNpNqqz6ZRvo8yTLpump,0,0,1,1,0,0,1,1
19,jailstool,AxriehR6Xw3adzHopnvMn7GcpRFcD41ddpiTWMg6pump,0,0,1,1,0,0,1,1
20,$COLLAT,C7heQqfNzdMbUFQwcHkL9FvdwsFsDRBnfwZDDyWYCLTZ,0,0,1,1,0,0,1,1
21,PAIN,1Qf8gESP4i6CFNWerUSDdLKJ9U1LpqTYvjJ2MM4pain,0,0,1,1,0,0,1,1
22,VIRTUAL,3iQL8BFS2vE7mww4ehAqQHAsbmRNCrPxizWAT2Zfyr9y,0,0,1,1,0,0,0,0
23,SSE,H4phNbsqjV5rqk8u6FUACTLB6rNZRTAPGnBb8KXJpump,0,0,1,1,0,0,1,1
24,WEN,WENWENvqqNya429ubCdR81ZmD69brwQaaBYY6p3LCpk,0,0,1,1,0,0,0,0
25,MPLX,METAewgxyPbgwsseH8T16a39CQ5VyVxZi9zXiDPY18m,0,0,1,1,0,0,0,0
26,EDWIN,GPrg1CgbBvAJS2SCuf9gF7NmQYsWudfyfWy5SUzypump,0,0,1,1,0,0,1,1
27,ANGLERFISH,DjgujfEv2u2qz7PNuS6Ct7bctnxPFihfWE2zBpKZpump,0,0,1,1,0,0,1,1
28,pippin,Dfh5DzRgSvvCFDoYc2ciTkMrbDfRKybA4SoFbPmApump,0,0,1,1,0,0,1,1
29,FAT,5LJMJyR8MtAkbtpf8kFUV7S9oFG3xaGDdcnFxYt9pump,0,0,1,1,0,0,1,1
30,BMT,FQgtfugBdpFN7PZ6NdPrZpVLDBrPGxXesi4gVu3vErhY,0,0,1,1,0,0,1,1
31,YzY,4NBTf8PfLH4oLFnwf3knv46FY9i5oXjDxffCetXRpump,0,0,1,1,0,0,1,1
32,DOG,dog1viwbb2vWDpER5FrJ4YFG6gq6XuyFohUe9TXN65u,0,0,1,1,0,0,0,0
33,MLG,7XJiwLDrjzxDYdZipnJXzpr1iDTmK55XixSFAa7JgNEL,0,0,1,1,0,0,1,1
34,WILDNOUT,5m9AhhwMnosop8CAWdSJDNfLLkg3EFkX5sJ3zAuMpump,0,0,1,1,0,0,1,1
35,WOOLLY,47NF9q76FaLAbZQmBaHeeUWYsEn4Rt4qjmh1oACipump,0,0,1,1,0,0,1,1
36,MOBY,Cy1GS2FqefgaMbi45UunrUzin1rfEmTUYnomddzBpump,0,0,1,1,0,0,1,1
37,VCHF,AhhdRu5YZdjVkKR3wbnUDaymVQL2ucjMQ63sZ3LFHsch,0,0,1,1,0,0,1,1
38,IO,BZLbGTNCSFfoth2GYDtwr7e4imWzpR5jqcUuGEwr646K,0,0,1,1,0,0,1,1
39,SEND,SENDdRQtYMWaQrBroBrJ2Q53fgVuq95CV9UPGEvpCxa,0,0,1,1,0,0,1,1
40,DOGEAI,9UYAYvVS2cZ3BndbsoG1ScJbjfwyEPGxjE79hh5ipump,0,0,1,1,0,0,1,1
41,PYTHIA,CreiuhfwdWCN5mJbMJtA9bBpYQrQF2tCBuZwSPWfpump,0,0,1,1,0,0,1,1
42,$1,GHichsGq8aPnqJyz6Jp1ASTK4PNLpB5KrD6XrfDjpump,0,0,1,1,0,0,1,1
43,RENDER,rndrizKT3MK1iimdxRdWabcF7Zg7AR5T4nud4EkHBof,0,0,1,1,0,0,1,1
44,AURY,AURYydfxJib1ZkTir1Jn1J9ECYUtjb6rKQVmtYaixWPP,0,0,1,1,0,0,0,0
45,Baby,6pKHwNCpzgZuC9o5FzvCZkYSUGfQddhUYtMyDbEVpump,0,0,1,1,0,0,1,1
46,toly,JCeoBX79HfatfaY6xvuNyCHf86hwgkCCWDpEycVHtime,0,0,1,1,0,0,0,0
47,pep ,Zc4uJVrHC2APe9qKwBD11Gg4BbvQr3naM8f7Wiopump,0,0,1,1,0,0,1,1
48,UFD,eL5fUxj2J4CiQsmW85k5FG9DvuQjjUoBHoQBi2Kpump,0,0,1,1,0,0,1,1
49,SCS,SCSuPPNUSypLBsV4darsrYNg4ANPgaGhKhsA3GmMyjz,0,0,1,1,0,0,1,1
50,DRIP,FrkF4GNdqKZLuzWXTk1imqMJRGK9uxCRE3PaBKZbpump,0,0,1,1,0,0,1,1
51,DRIFT,DriFtupJYLTosbwoN8koMbEYSx54aFAVLddWsbksjwg7,0,0,1,1,0,0,1,1
52,Tesler,4QYaccriCgnrb3rxpibqv5vj7Wba669YBqvNEVeJpump,0,0,1,1,0,0,1,1
53,PKIN,2RBko3xoz56aH69isQMUpzZd9NYHahhwC23A5F3Spkin,0,0,1,1,0,0,1,1
54,WAVE,5XUUN5z1yBPEwoLztu4qMenmFe6GQnZptBFsnFnEpump,0,0,1,1,0,0,1,1
55,STONKS,6NcdiK8B5KK2DzKvzvCfqi8EHaEqu48fyEzC8Mm9pump,0,0,0,0,0,0,1,1
56,GrokCoin,3MadWqcN9cSrULn8ikDnan9mF3znoQmBPXtVy6BfSTDB,0,0,0,0,0,0,1,1
57,BOME,ukHH6c7mMyiWCf1b9pnWe25TSpkDDt3H5pQZgZ74J82,0,0,0,0,0,0,1,1
58,jellyjelly,FeR8VBqNRSUD5NtXAj2n3j1dAHkZHfyDktKuLXD4pump,0,0,0,0,0,0,1,1
59,ELON,7ZCm8WBN9aLa3o47SoYctU6iLdj7wkGG5SV2hE5CgtD5,0,0,0,0,0,0,1,1
60,TDCCP,Hg8bKz4mvs8KNj9zew1cEF9tDw1x2GViB4RFZjVEmfrD,0,0,0,0,0,0,1,1
61,BUZZ,9DHe3pycTuymFk4H4bbPoAJ4hQrr2kaLDF6J6aAKpump,0,0,0,0,0,0,1,1
62,GRIFT,GekTNfm84QfyP2GdAHZ5AgACBRd69aNmgA5FDhZupump,0,0,0,0,0,0,1,1
63,ZEREBRO,8x5VqbHA8D7NkD52uNuS5nnt3PwA8pLD34ymskeSo2Wn,0,0,0,0,0,0,1,1
64,DB,HTze13N7z2wZNReEo8zkcQsPjAYBpoUUwx4DJL7Xpump,0,0,0,0,0,0,1,1
65,FARTBOY,y1AZt42vceCmStjW4zetK3VoNarC1VxJ5iDjpiupump,0,0,0,0,0,0,1,1
66,ewon,EF3Ln1DkUB5azvqcaCJgG3RR2qSUJEXxLo1q4ZHzpump,0,0,0,0,0,0,1,1
67,Butthole,CboMcTUYUcy9E6B3yGdFn6aEsGUnYV6yWeoeukw6pump,0,0,0,0,0,0,1,1
68,$RIF,GJtJuWD9qYcCkrwMBmtY1tpapV1sKfB2zUv9Q4aqpump,0,0,0,0,0,0,1,1
69,FRIC,EsP4kJfKUDLfX274WoBSiiEy74Sh4tZKUCDjfULHpump,0,0,0,0,0,0,1,1
70,MEMDEX,83iBDw3ZpxqJ3pEzrbttr9fGA57tttehDAxoFyR1moon,0,0,0,0,0,0,1,1
71,GREED 3,CPBQqugWWCcyehezHf4uSJtET2kmYNqPuhyb57H5pump,0,0,0,0,0,0,1,1
72,TAI,Hax9LTgsQkze1YFychnBLtFH8gYbQKtKfWKKg2SP6gdD,0,0,0,0,0,0,1,1
73,ZEUS,ZEUS1aR7aX8DFFJf5QjWj2ftDDdNTroMNGo8YoQm3Gq,0,0,0,0,0,0,1,1
74,Ban,9PR7nCP9DpcUotnDPVLUBUZKu5WAYkwrCUx9wDnSpump,0,0,0,0,0,0,1,1
75,ALON,8XtRWb4uAAJFMP4QQhoYYCWR6XXb7ybcCdiqPwz9s5WS,0,0,0,0,0,0,1,1
76,$michi,5mbK36SZ7J19An8jFochhQS4of8g6BwUjbeCSxBSoWdp,0,0,0,0,0,0,1,1
77,OIIAOIIA,VaxZxmFXV8tmsd72hUn22ex6GFzZ5uq9DVJ5wA5pump,0,0,0,0,0,0,1,1
78,THURSTON,9pnDLVWmWyccy6HhZKcCiwrQEBX1UHQ5ikKPo5xrpump,0,0,0,0,0,0,1,1
79,Anon,9McvH6w97oewLmPxqQEoHUAv3u5iYMyQ9AeZZhguYf1T,0,0,0,0,0,0,1,1
80,LUCE,CBdCxKo9QavR9hfShgpEBG3zekorAeD7W1jfq2o3pump,0,0,0,0,0,0,1,1
81,WOULD,J1Wpmugrooj1yMyQKrdZ2vwRXG5rhfx3vTnYE39gpump,0,0,0,0,0,0,1,1
82,CAPYL,C7AEUE3MJ8siPxwM6C2ysth4ZqhpeTJnS8oXiRqTpump,0,0,0,0,0,0,1,1
83,VIRAL,HW7D5MyYG4Dz2C98axfjVBeLWpsEnofrqy6ZUwqwpump,0,0,0,0,0,0,1,1
84,NEUR,3N2ETvNpPNAxhcaXgkhKoY1yDnQfs41Wnxsx5qNJpump,0,0,0,0,0,0,1,1
85,SLERF,7BgBvyjrZX1YKz4oh9mjb8ZScatkkwb8DzFx7LoiVkM3,0,0,0,0,0,0,1,1
86,listen,Cn5Ne1vmR9ctMGY9z5NC71A3NYFvopjXNyxYtfVYpump,0,0,0,0,0,0,1,1
87,SIGMA,5SVG3T9CNQsm2kEwzbRq6hASqh1oGfjqTtLXYUibpump,0,0,0,0,0,0,1,1
88,CAT,4HBQm2EhdpUWZkTYxttxNDnsoWi5beRAGWHpjVo8pump,0,0,0,0,0,0,1,1
89,FRED,CNvitvFnSM5ed6K28RUNSaAjqqz5tX1rA5HgaBN9pump,0,0,0,0,0,0,1,1
90,CAR,7oBYdEhV4GkXC19ZfgAvXpJWp2Rn9pm1Bx2cVNxFpump,0,0,0,0,0,0,1,1
91,WHISP,whispF7G9DHaojYHe2cdhRX5EMJzGBdqq7R57kL6inL,0,0,0,0,0,0,1,1
92,BUTTCOIN,FasH397CeZLNYWkd3wWK9vrmjd1z93n3b59DssRXpump,0,0,0,0,0,0,1,1
93,GOOD,A6WCD9dzgpCpCofGG7boCN3jJitmBSoXS7tgZa4rGooD,0,0,0,0,0,0,1,1
94,ELIZA,5voS9evDjxF589WuEub5i4ti7FWQmZCsAsyD5ucbuRqM,0,0,0,0,0,0,1,1
95,LUMO,4FkNq8RcCYg4ZGDWh14scJ7ej3m5vMjYTcWoJVkupump,0,0,0,0,0,0,1,1
96,HOOD,h5NciPdMZ5QCB5BYETJMYBMpVx9ZuitR6HcVjyBhood,0,0,0,0,0,0,1,1
97,Fullsend,AshG5mHt4y4etsjhKFb2wA2rq1XZxKks1EPzcuXwpump,0,0,0,0,0,0,1,1
98,RETARDIO,6ogzHhzdrQr9Pgv6hZ2MNze7UrzBMAFyBBWUYp1Fhitx,0,0,0,0,0,0,1,1
99,Bert,HgBRWfYxEfvPhtqkaeymCQtHCrKE46qQ43pKe8HCpump,0,0,0,0,0,0,1,1
100,TTG,4ELGifwr2jHtEaFZUXXvQLAYiE6W5bvpWYZbJTRSpump,0,0,0,0,0,0,1,1
101,MAIAR,G5e2XonmccmdKc98g3eNQe5oBYGw9m8xdMUvVtcZpump,0,0,0,0,0,0,1,1
102,AWR,Ai4CL1SAxVRigxQFwBH8S2JkuL7EqrdiGwTC7JpCpump,0,0,0,0,0,0,1,1
103,GFM,E1jCTXdkMRoawoWoqfbhiNkkLbxcSHPssMo36U84pump,0,0,0,0,0,0,1,1
104,BAOBAO,GeBCL92LPDysZPFYjRkPe7cK42Vb4ehHPZCTtCSwja7w,0,0,0,0,0,0,1,1
105,CHEX,6dKCoWjpj5MFU5gWDEFdpUUeBasBLK3wLEwhUzQPAa1e,0,0,0,0,0,0,1,1
106,IMG,znv3FZt2HFAvzYf5LxzVyryh3mBXWuTRRng25gEZAjh,0,0,0,0,0,0,1,1
107,FREYA,AWs2J3buZeyvvSE5pyoFVJQUNKa36g8sbouskt6W9fre,0,0,0,0,0,0,1,1
108,MUSKIT,9So52ugZh2BLBT3f7p61947q91uQh2DyvbfyMDeRpump,0,0,0,0,0,0,1,1
109,$URO,FvgqHMfL9yn39V79huDPy3YUNDoYJpuLWng2JfmQpump,0,0,0,0,0,0,1,1
110,HYPER,Aq8Gocyvyyi8xk5EYxd6viUfVmVvs9T9R6mZFzZFpump,0,0,0,0,0,0,1,1
111,SONIC,SonicxvLud67EceaEzCLRnMTBqzYUUYNr93DBkBdDES,0,0,0,0,0,0,1,1
112,BONGO,HUdqc5MR5h3FssESabPnQ1GTgTcPvnNudAuLj5J6a9sU,0,0,0,0,0,0,1,1
113,CLONE,Hu5RJeyYz3wfwQ64y4JENLMVGeoQrnfnGQBFapPGYEp1,0,0,0,0,0,0,1,1
114,MAX,oraim8c9d1nkfuQk9EzGYEUGxqL3MHQYndRw1huVo5h,0,0,0,0,0,0,1,1
115,YNE,7D1iYWfhw2cr9yBZBFE6nZaaSUvXHqG5FizFFEZwpump,0,0,0,0,0,0,1,1
116,MOTHER,3S8qX1MsMqRbiwKg2cQyx7nis1oHMgaCuc9c4VfvVdPN,0,0,0,0,0,0,1,1
117,degenai,Gu3LDkn7Vx3bmCzLafYNKcDxv2mH7YN44NJZFXnypump,0,0,0,0,0,0,1,1
118,Aimonica,FVdo7CDJarhYoH6McyTFqx71EtzCPViinvdd1v86Qmy5,0,0,0,0,0,0,1,1
119,HIBER,FHKiJEg2zmhv9DEeaXMSZa7R4P8BPFX5VTRrzrtJpump,0,0,0,0,0,0,1,1
120,ADHD,FYxc7ntfTjV2c86oF4dDp8yYiyNLAR5rdhFhNGSMpump,0,0,0,0,0,0,1,1
121,HAT,AxGAbdFtdbj2oNXa4dKqFvwHzgFtW9mFHWmd7vQfpump,0,0,0,0,0,0,1,1
122,PEPECAT,CRAMvzDsSpXYsFpcoDr6vFLJMBeftez1E7277xwPpump,0,0,0,0,0,0,1,1
123,AIXBT,14zP2ToQ79XWvc7FQpm4bRnp9d6Mp1rFfsUW3gpLcRX,0,0,0,0,0,0,1,1
124,vvaifu,FQ1tyso61AH1tzodyJfSwmzsD3GToybbRNoZxUBz21p8,0,0,0,0,0,0,1,1
125,FAIR³,42kgc4RDpWBMM5qtuaHenJuMzfk7nu1t7HSau74cpump,0,0,0,0,0,0,1,1
126,LEA,8SpPaFLycx897D6sowPZkEkcNdDahzRZb5itr6D8pump,0,0,0,0,0,0,1,1
127,BOTIFY,BYZ9CcZGKAXmN2uDsKcQMM9UnZacija4vWcns9Th69xb,0,0,0,0,0,0,1,1
128,ATR,ATRLuHph8dxnPny4WSNW7fxkhbeivBrtWbY6BfB4xpLj,0,0,0,0,0,0,1,1
129,Shoggoth,H2c31USxu35MDkBrGph8pUDUnmzo2e4Rf4hnvL2Upump,0,0,0,0,0,0,1,1
130,Ainti,BAezfVmia8UYLt4rst6PCU4dvL2i2qHzqn4wGhytpNJW,0,0,0,0,0,0,1,1
131,JOBSEEK,2sNvt9tRAW29cZgj3cVmwEGLJFfqb127GKnAiEN8iBxY,0,0,0,0,0,0,1,1
132,USA,69kdRLyP5DTRkpHraaSZAQbWmAwzF9guKjZfzMXzcbAs,0,0,0,0,0,0,1,1
133,TRISIG,BLDiYcvm3CLcgZ7XUBPgz6idSAkNmWY6MBbm8Xpjpump,0,0,0,0,0,0,1,1
134,PURPE,HBoNJ5v8g71s2boRivrHnfSB5MVPLDHHyVjruPfhGkvL,0,0,0,0,0,0,1,1
135,LMT,86t88w3MKT38HChTBKBwEeb1RW1MeTceaW68qY2Vpump,0,0,0,0,0,0,1,1
136,nuit,2eXamy7t3kvKhfV6aJ6Uwe3eh8cuREFcTKs1mFKZpump,0,0,0,0,0,0,1,1
137,MWOR,EoRe4xECTe9imaYtwfdmrGoinD2S1N5yMeu1LrjQpump,0,0,0,0,0,0,1,1
138,Duo,KFTSxPQxDV1wGjEvzKHWD7mG6e9TsMVq4eF4mQppump,0,0,0,0,0,0,1,1
139,BARSIK,7ZqzGzTNg5tjK1CHTBdGFHyKjBtXdfvAobuGgdt4pump,0,0,0,0,0,0,1,1
140,Y2K,8YiB8B43EwDeSx5Jp91VQjgBU4mfCgVvyNahadtzpump,0,0,0,0,0,0,1,1
141,X,EhkDgP8e5sz16AFCWUCYJzVug1zvpDLTEHxH4WAFpBFA,0,0,0,0,0,0,1,1
142,LLD,GwKKPsJdY5oWMJ8RReWLcvb82KzW6FKy2bKoYW7kHr16,0,0,0,0,0,0,1,1
143,GRPH,9doRRAik5gvhbEwjbZDbZR6GxXSAfdoomyJR57xKpump,0,0,0,0,0,0,1,1
144,KIKI,HhCLbkW6FwhriTkk81W8tYstsRCLUu6Y7Je1SQjVpump,0,0,0,0,0,0,1,1
145,FLOYDAI,J7tYmq2JnQPvxyhcXpCDrvJnc9R5ts8rv7tgVHDPsw7U,0,0,0,0,0,0,1,1
146,GME,8wXtPeU6557ETkp9WHFY1n1EcU6NxDvbAggHGsMYiHsB,0,0,0,0,0,0,1,1
147,BULLY,79yTpy8uwmAkrdgZdq6ZSBTvxKsgPrNqTLvYQBh1pump,0,0,0,0,0,0,1,1
148,KOLIN,4q3Z58YxrZEAVMLtMwnm7eHtodSD3LSpSNt3pDnqpump,0,0,0,0,0,0,1,1
149,SCHIZO,H1NPJkh3KUJGbpjkyQD5qG1nrpFW7tHiqek5SAbMpump,0,0,0,0,0,0,1,1
150,retire,zGh48JtNHVBb5evgoZLXwgPD2Qu4MhkWdJLGDAupump,0,0,0,0,0,0,1,1
151,San,2z1p8xCEjRzpBHjXWrx4tJnz7BFL6z7NnvbCxH7bpump,0,0,0,0,0,0,1,1
152,XPi,BoMbSn3KcWsUe1dgz5ddJrRaM6v44fpeARNA9t7Dpump,0,0,0,0,0,0,1,1
153,AGiXT,F9TgEJLLRUKDRF16HgjUCdJfJ5BK6ucyiW8uJxVPpump,0,0,0,0,0,0,1,1
154,scihub,GxdTh6udNstGmLLk9ztBb6bkrms7oLbrJp5yzUaVpump,0,0,0,0,0,0,1,1
155,PAYAI,E7NgL19JbN8BhUDgWjkH8MtnbhJoaGaWJqosxZZepump,0,0,0,0,0,0,1,1
156,AVB,6d5zHW5B8RkGKd51Lpb9RqFQSqDudr9GJgZ1SgQZpump,0,0,0,0,0,0,1,1
157,J,Jambjx1oJoZNBZiqbiF9TqgatEZPdyfvYa9WVsKNzUh,0,0,0,0,0,0,1,1
158,FAFO,BP8RUdhLKBL2vgVXc3n7oTSZKWaQVbD8S6QcPaMVBAPo,0,0,0,0,0,0,1,1
159,dreams,GMzuntWYJLpNuCizrSR7ZXggiMdDzTNiEmSNHHunpump,0,0,0,0,0,0,1,1
160,WING,3UYS3XXYC9yWvNyBWFKqqb5w9YQfX65RQzoAKd8jEUCB,0,0,0,0,0,0,1,1
161,LIMBO,5UAMZkfNmuVcKzr2wo8Jqw4R1k8vfdAVJNN6h3bVpump,0,0,0,0,0,0,1,1
162,MANEKI,25hAyBQfoDhfWx9ay6rarbgvWGwDdNqcHsXS3jQ3mTDJ,0,0,0,0,0,0,1,1
163,SKBDI,DPaQfq5sFnoqw2Sh9WMmmASFL9LNu6RdtDqwE1tab2tB,0,0,0,0,0,0,1,1
164,LLM,98mb39tPFKQJ4Bif8iVg9mYb9wsfPZgpgN1sxoVTpump,0,0,0,0,0,0,1,1
165,nub,GtDZKAqvMZMnti46ZewMiXCa4oXF4bZxwQPoKzXPFxZn,0,0,0,0,0,0,1,1
166,TANK,GAMwtMB6onAvBNBQJCJFuxoaqfPH8uCQ2dewNMVVpump,0,0,0,0,0,0,1,1
167,LOCKIN,8Ki8DpuWNxu9VsS3kQbarsCWMcFGWkzzA8pUPto9zBd5,0,0,0,0,0,0,1,1
168,HNT,hntyVP6YFm1Hg25TN9WGLqM12b8TQmcknKrdu1oxWux,0,0,0,0,0,0,1,1
169,wDOG,GYKmdfcUmZVrqfcH1g579BGjuzSRijj3LBuwv79rpump,0,0,0,0,0,0,1,1
170,VNTR,4JFcUJ1HfFKz2F8thdu2frk558EjrLvKEmeMq1ZM2xBP,0,0,0,0,0,0,1,1
171,TETSUO,8i51XNNpGaKaj4G4nDdmQh95v4FKAxw8mhtaRoKd9tE8,0,0,0,0,0,0,1,1
172,SCF,GiG7Hr61RVm4CSUxJmgiCoySFQtdiwxtqf64MsRppump,0,0,0,0,0,0,1,1
173,FIGHT,KMnDBXcPXoz6oMJW5XG4tXdwSWpmWEP2RQM1Uujpump,0,0,0,0,0,0,1,1
174,NPC,BeGY8KqKxboEwRbJd1q9H2K829jS4Rc5dEyNMYXCbV5p,0,0,0,0,0,0,1,1
175,GIKO,3WPep4ufaToK1aS5s8BL9inzeUrt4DYaQCiic6ZkkC1U,0,0,0,0,0,0,1,1
176,Elon4AfD,BkYAUVMar1gLwuFLv2n5cmB6HhcNtvd86kU3gqAypump,0,0,0,0,0,0,1,1
177,GYAT,EfgEGG9PxLhyk1wqtqgGnwgfVC7JYic3vC9BCWLvpump,0,0,0,0,0,0,1,1
178,$slop,FqvtZ2UFR9we82Ni4LeacC1zyTiQ77usDo31DUokpump,0,0,0,0,0,0,1,1
179,SENSUS,F8tDt7QRAYicWQPK5LTh8kZR4zKJPdTiEq5dwCcVpump,0,0,0,0,0,0,1,1
180,Crashout,6JGSHS9GrE9uG8ix63w3DPMYHrgrJ6J4QyHbBhAepump,0,0,0,0,0,0,1,1
181,REALIS,EBGaJP7srpUUN8eRdta1MsojrNtweuHYsdP3P1TRpump,0,0,0,0,0,0,1,1
182,fxn,92cRC6kV5D7TiHX1j56AbkPbffo9jwcXxSDQZ8Mopump,0,0,0,0,0,0,1,1
183,buidl,3HfLqhtF5hR5dyBXh6BMtRaTm9qzStvEGuMa8Gx6pump,0,0,0,0,0,0,1,1
184,mini,2JcXacFwt9mVAwBQ5nZkYwCyXQkRcdsYrDXn6hj22SbP,0,0,0,0,0,0,1,1
185,PYTH,HZ1JovNiVvGrGNiiYvEozEVgZ58xaU3RKwX8eACQBCt3,0,0,0,0,0,0,1,1
186,Citadail,7h5AzpYTAnh4Gyux8Gqko5Fvx4AYQBZdkzHZ2CsBudvJ,0,0,0,0,0,0,1,1
187,SSR,7d5uLATMiAoRC1n9yNc7VCrhx44H6bjEzDx7Gxuhpump,0,0,0,0,0,0,1,1
188,wPOND,3JgFwoYV74f6LwWjQWnr3YDPFnmBdwQfNyubv99jqUoq,0,0,0,0,0,0,1,1
189,ZACHXBT,M5MFPbS4X6eYek21xhFU38DTavMLuGY9eyC5p8Tpump,0,0,0,0,0,0,1,1
190,RMPH AI,BERR3cxSF3LJBwxSd8ciNKX5b5BVkiuq3VXPSuNYpump,0,0,0,0,0,0,1,1
191,STNK,43VWkd99HjqkhFTZbWBpMpRhjG469nWa7x7uEsgSH7We,0,0,0,0,0,0,1,1
192,BILLY,3B5wuUrMEi5yATD7on46hKfej3pfmd7t1RKgrsN3pump,0,0,0,0,0,0,1,1
193,TIRED,5ZMUboLJUeneKouqrqu4jeLE68vX68ehE5qprV3Upump,0,0,0,0,0,0,1,1
194,Chud,6yjNqPzTSanBWSa6dxVEgTjePXBrZ2FoHLDQwYwEsyM6,0,0,0,0,0,0,1,1
195,LUX,BmXfbamFqrBzrqihr9hbSmEsfQUXMVaqshAjgvZupump,0,0,0,0,0,0,1,1
196,Project89,Bz4MhmVRQENiCou7ZpJ575wpjNFjBjVBSiVhuNg1pump,0,0,0,0,0,0,1,1
197,COOL,9iQFnxrDDMFrhLx2pYJCDeqN3wFuaBimQkUnZQHNpump,0,0,0,0,0,0,1,1
198,PHRZ,8fJCtfbuAaFzdwTnQP84nNhSpZdVy4Uc929eXZRBN8H4,0,0,0,0,0,0,1,1
199,NC,B89Hd5Juz7JP2dxCZXFJWk4tMTcbw7feDhuWGb3kq5qE,0,0,0,0,0,0,1,1
200,STORE,FLJYGHpCCcfYUdzhcfHSeSd2peb5SMajNWaCsRnhpump,0,0,0,0,0,0,1,1
201,IQ,AsyfR3e5JcPqWot4H5MMhQUm7DZ4zwQrcp2zbB7vpump,0,0,0,0,0,0,1,1
202,ANTIRUG,ts3foLrNUMvwdVeit1oNeLWjYk7e4qsn8PqSsqRpump,0,0,0,0,0,0,1,1
203,KIT,9hfKxLSnwh4LhpRgmxBYDRgrKeYUgszMePKxuidPpump,0,0,0,0,0,0,1,1
204,Luigi,5XyKkFaJpAmsH4Tf2EFj3S61W3hC5cJhxNZQQ5h1pump,0,0,0,0,0,0,1,1
205,TSOTCHKE,4mbdysBik3jmzD7mt6FGPDsMxnYcxExSQRFjPucdpump,0,0,0,0,0,0,1,1
206,DIGIMON,WEmjxPMGXEW1Nvc4rCgRKiWHj1H1tvhPsKMw2yvpump,0,0,0,0,0,0,1,1
207,lou,5DQSDg6SGkbsbykq4mQstpcL4d5raEHc6rY7LgBwpump,0,0,0,0,0,0,1,1
208,DAILYBET,7fb49Wrtx5xksfzGxsa8Y1zV1CCyeimmysGYKkirzCUm,0,0,0,0,0,0,1,1
209,CAINAM,2mhszy8YHwqs1fxruVHQQAUmNcfq31mtkmYYtNZNpump,0,0,0,0,0,0,1,1
210,HYPER,8vBMibwpn8wpfYKbQ9xqzodymg3LjmYec2tSNGRy23K8,0,0,0,0,0,0,1,1
211,AIOS,5QS7RcHfGUa2ZtrovPvEJMB9coqroiT7H48dPSwFpump,0,0,0,0,0,0,1,1
212,CYB,4xieJTWvYfWGTdZYjxZNePjqGu74NexmcjLUpfFLVAPx,0,0,0,0,0,0,1,1
213,ETFS,MM8o3Sk58NufoS8Zds7MYTC1LcStfCaqinN5T2pdNtp,0,0,0,0,0,0,1,1
214,FABEL,FABELyo4mGW399dBZJhMeD988o2hEPu3B3LNWtuW4ueN,0,0,0,0,0,0,1,1
215,ponzi,tqrRt3AsuGa3aYYSvABMDrPJEWVzpAnh3p6LxXGpump,0,0,0,0,0,0,1,1
216,ASYM,DNMTk67urDBxEEVRx9HjVzCVu8en4Kgg5HfZy3E6pump,0,0,0,0,0,0,1,1
217,BRAINLET,8NNXWrWVctNw1UFeaBypffimTdcLCcD8XJzHvYsmgwpF,0,0,0,0,0,0,1,1
218,SFM,ELPrcU7qRV3DUz8AP6siTE7GkR3gkkBvGmgBRiLnC19Y,0,0,0,0,0,0,1,1
219,LESTER,5z3iCe53hUANTiG8Js8RjHNE2Arjik7L2CXLyr2rpump,0,0,0,0,0,0,1,1
220,EKKO,89S9RdgynPq5odSRmcCDAzg26iYuRw4wqUmzMbjUpump,0,0,0,0,0,0,1,1
221,GNON,HeJUFDxfJSzYFUuHLxkMqCgytU31G6mjP4wKviwqpump,0,0,0,0,0,0,1,1
222,daige,HsNx7RirehVMy54xnFtcgCBPDMrwNnJKykageqdWpump,0,0,0,0,0,0,1,1
223,BNTY,6TcoT3vcexjsMuuLvS9DhBUrVVcoqBMHEppQGQLMpump,0,0,0,0,0,0,1,1
224,MAD,madHpjRn6bd8t78Rsy7NuSuNwWa2HU8ByPobZprHbHv,0,0,0,0,0,0,1,1
225,BARRON,ECY31gWwxy4s2VnMkYhmqDkrV75KrwR2yTtsnrnSpump,0,0,0,0,0,0,1,1
226,KRAI,Kruj63Qx9EQX9QzukLCBgx5g9AGW69gPDsSK25FRZAi,0,0,0,0,0,0,1,1
227,AGENCY,5UmDWgyLV1JBg8Jr8NwyezXdQkiU3vHGJu2efm7Cpump,0,0,0,0,0,0,1,1
228,NOVA,AxDKAyDsC7p8C5MeDFX6FKV2MPCSGwzkRfGY2qZZpump,0,0,0,0,0,0,1,1
229,UBC,9psiRdn9cXYVps4F1kFuoNjd2EtmqNJXrCPmRppJpump,0,0,0,0,0,0,1,1
230,stSOL,7dHbWXmci3dT8UFYWYZweBLXgycu7Y3iL6trKn1Y7ARj,0,0,0,0,0,0,1,1
231,YAKUB,7iagMTDPfNSR5zVcERT1To7A9eaQoz58dJAh42EMHcCC,0,0,0,0,0,0,1,1
232,KEKE,Gp8GVGPc8QCe4Jn6ryG5YKokG5bjKycATEzqpeyspump,0,0,0,0,0,0,1,1
233,supercycle,2G8LH53fcr3aCrEsmAo73eunbZRbyjKrGH5qmur6pump,0,0,0,0,0,0,1,1
234,HYPERSKIDS,GwkEDwePTa6aFosh9xzAniGK1zvLrQ5yPJfLnqwmuyhG,0,0,0,0,0,0,1,1
235,ATLAS,ATLASXmbPQxBUYbxPsV97usA3fPQYEqzQBUHgiFCUsXx,0,0,0,0,0,0,1,1
236,GEOD,7JA5eZdCzztSfQbJvS8aVVxMFfd81Rs9VvwnocV1mKHu,0,0,0,0,0,0,1,1
237,Rizzmas,85cQsFgbi8mBZxiPppbpPXuV7j1hA8tBwhjF4gKW6mHg,0,0,0,0,0,0,1,1
238,BWT,EmBBhcqgm2acaXv9dXQFyDZDkhL4YMoWnGdHaMQJpump,0,0,0,0,0,0,1,1
239,Beenz,9sbrLLnk4vxJajnZWXP9h5qk1NDFw7dz2eHjgemcpump,0,0,0,0,0,0,1,1
240,DMAGA,7D7BRcBYepfi77vxySapmeqRNN1wsBBxnFPJGbH5pump,0,0,0,0,0,0,1,1
241,Oracler,5pPkhLEJDMFDHUuE1wW5os5YJeyNUDVmih1DKgMFpB38,0,0,0,0,0,0,1,1
242,Mundi,4BBjpGwLgGmUxtT82YFK9xMhcvyy3zgf3HpxTRip1YoU,0,0,0,0,0,0,1,1
243,KHAI,3TWgDvYBL2YPET2LxnWAwsMeoA8aL4DutNuwat2pKCjC,0,0,0,0,0,0,1,1
244,BILLY,9Rhbn9G5poLvgnFzuYBtJgbzmiipNra35QpnUek9virt,0,0,0,0,0,0,1,1
245,N2,3t4yhNHfy5jZ9skJw9ZMRHvLJw1WUPouJ4TSxatTpump,0,0,0,0,0,0,1,1
246,HEGE,ULwSJmmpxmnRfpu6BjnK6rprKXqD5jXUmPpS1FxHXFy,0,0,0,0,0,0,1,1
247,REIGN,4Svy1p3ZvaRv46Nqg22wTWb5Ge425dEG1m2f8SM5pump,0,0,0,0,0,0,1,1
248,OPUS,9JhFqCA21MoAXs2PTaeqNQp2XngPn1PgYr2rsEVCpump,0,0,0,0,0,0,1,1
249,xavier,69G8CpUVZAxbPMiEBrfCCCH445NwFxH6PzVL693Xpump,0,0,0,0,0,0,1,1
250,PENG,A3eME5CetyZPBoWbRUwY3tSe25S6tb18ba9ZPbWk9eFJ,0,0,0,0,0,0,1,1
251,ZARA,73UdJevxaNKXARgkvPHQGKuv8HCZARszuKW2LTL3pump,0,0,0,0,0,0,1,1
252,YAPSTER,8CzPPqenpfRXvjE5DHfE3kMDgJhHwWZ1WXRzs44KsamW,0,0,0,0,0,0,1,1
253,HARAMBE,Fch1oixTPri8zxBnmdCEADoJW2toyFHxqDZacQkwdvSP,0,0,0,0,0,0,1,1
254,TrenchAI,AaWVpk6eZbgBfVbq1UfXw3EXBmAvw4QXov1xHuG7pump,0,0,0,0,0,0,1,1
255,PINO,7b36cKRYFZsMp3vLByVwfVQxW2ndcYth5rhPnyypump,0,0,0,0,0,0,1,1
256,DOGE,9TY6DUg1VSssYH5tFE95qoq5hnAGFak4w3cn72sJNCoV,0,0,0,0,0,0,1,1
257,SENTAI,CXPLyc3EX8WySgEXLbjhuA7vy8EKQokVJYQuJm2jpump,0,0,0,0,0,0,1,1
258,DrOdin,ERzsfG1aVp8YgDFXSFBNbEQ4YWsNgNVKgsBDVfDs6Jdh,0,0,0,0,0,0,1,1
259,sora,89nnWMkWeF9LSJvAWcN2JFQfeWdDk6diKEckeToEU1hE,0,0,0,0,0,0,1,1
260,BUCK,FLqmVrv6cp7icjobpRMQJMEyjF3kF84QmC4HXpySpump,0,0,0,0,0,0,1,1
261,BGG1,62CsquahdQ3J286G9UTqV6whxryfihdV4yg7kSJnpump,0,0,0,0,0,0,1,1
262,Pepe,B5WTLaRwaUQpKk7ir1wniNB6m5o8GgMrimhKMYan2R6B,0,0,0,0,0,0,1,1
263,PASTERNAK,Ey59PH7Z4BFU4HjyKnyMdWt5GGN76KazTAwQihoUXRnk,0,0,0,0,0,0,1,1
264,POPE,hAYtTeaJLUZBvtS9ZpnrKjcLHUA44FgEyAAnMtP3EfB,0,0,0,0,0,0,1,1
265,Neiro,CTJf74cTo3cw8acFP1YXF3QpsQUUBGBjh2k2e8xsZ6UL,0,0,0,0,0,0,1,1
266,TJRM,4AdDFsG1xzz1L7zKGo2fbiqv256Z92u8uCcJCgYuTBLo,0,0,0,0,0,0,1,1
267,HAMMY,26KMQVgDUoB6rEfnJ51yAABWWJND8uMtpnQgsHQ64Udr,0,0,0,0,0,0,1,1
268,GONE,89D8aUdgHfyCRXYMxgo7ogHDbNnuVpHYRnqFfNF7gone,0,0,0,0,0,0,1,1
269,Thales,7yn2PRbB96TgcCkkMK4zD6vvMth6Co5B5Nma6XvPpump,0,0,0,0,0,0,1,1
270,SOLNIC,DeaKMzAeZja3Mh5okZE6WUvygLP3Lfuvm6Rg78HqXTz9,0,0,0,0,0,0,1,1
271,REAL,AD27ov5fVU2XzwsbvnFvb1JpCBaCB5dRXrczV9CqSVGb,0,0,0,0,0,0,1,1
272,Bhad,57Wdx3uikKcAt2w8F9GMwgGeEvkaU6pXacYScW1hpump,0,0,0,0,0,0,1,1
273,PBTC,HfMbPyDdZH6QMaDDUokjYCkHxzjoGBMpgaUvpLWGbF5p,0,0,0,0,0,0,1,1
274,TRENCH,GACpABn18xqiSJbD9ZEyArJDT9RHRMUut5nK9Z9Spump,0,0,0,0,0,0,1,1
275,dGPU,7xUV6YR3rZMfExPqZiovQSUxpnHxr2KJJqFg1bFrpump,0,0,0,0,0,0,1,1
276,VOLFOVICH,EbPzn3kNRrJAHT5EzKeqQ1SwVLoeifZED4NUv5ctpump,0,0,0,0,0,0,1,1
277,SUMMIT,A3vBwL3Pd6nkBqVo87D6TLWYG4ekWuDeqCoLFeyvRMcb,0,0,0,0,0,0,1,1
278,CATANA,GmbC2HgWpHpq9SHnmEXZNT5e1zgcU9oASDqbAkGTpump,0,0,0,0,0,0,1,1
279,MBET,MbetZheK6wDs22ftMat7PLiBtoXYBdrMHfpkKRihCYK,0,0,0,0,0,0,1,1
280,DOGE,KQijDbNJ6rPCqhtXrfH6gKa5cH3a39At8vHq34nnPbF,0,0,0,0,0,0,1,1
281,MPUP,8PVFdKx7fX1FmmoASfTu5CUPEWuD1WY73Z24UTgCpump,0,0,0,0,0,0,1,1
282,SC,6D7NaB2xsLd7cauWu1wKk6KBsJohJmP2qZH9GEfVi5Ui,0,0,0,0,0,0,1,1
283,blormmy,71AZt4P5kc5vpfTJR1HjNbMzD84G7vxam4DtL3kJpump,0,0,0,0,0,0,1,1
284,KWEEN,DEf93bSt8dx58gDFCcz4CwbjYZzjwaRBYAciJYLfdCA9,0,0,0,0,0,0,1,1
285,Qude,3MyaQBG7y3SHLQZa282Jh2xtB2TZKHGzNp1CuZ4Cpump,0,0,0,0,0,0,1,1
286,MINIDOGE,8J6CexwfJ8CSzn2DgWhzQe1NHd2hK9DKX59FCNNMo2hu,0,0,0,0,0,0,1,1
287,CAT,CXc5JcEJkFJUX6Mtrti7BXPUQrgL7oj23D6pUGG3cbeN,0,0,0,0,0,0,1,1
288,DTF,EmhVWGUa2Q9PN4QjzFjvuVyzFKg4s3ERwjKR9dQDpump,0,0,0,0,0,0,1,1
289,Stoic,62mETtNRaVY5iNsJr5YexsbVg1uyyoLwtoWLSnjApump,0,0,0,0,0,0,1,1
290,ZAILGO,GorvUUSkJGSzJUebM5W6berUkZ5pG8nmnn7tmk74pump,0,0,0,0,0,0,1,1
291,alpha,Cg93SZJkHePybZqGDuyXLf5Ag5sB2cpWfHUG8wNPpump,0,0,0,0,0,0,1,1
292,0x0x,6mZ76DjmTYhtEGLcVSEyeS5VcByHauxpw6oYQL4spump,0,0,0,0,0,0,1,1
293,CAT,3joMReCCSESngJEpFLoKR2dNcChjSRCDtybQet5uSpse,0,0,0,0,0,0,1,1
294,T3AI,CckLtcfEtsYzg8sUrVBBrFKt16iExpvEurc1dhKmmoon,0,0,0,0,0,0,1,1
295,ADX,AuQaustGiaqxRvj2gtCdrd22PBzTn8kM3kEPEkZCtuDw,0,0,0,0,0,0,1,1
296,$TOAD,FViMp5phQH2bX81S7Yyn1yXjj3BRddFBNcMCbTH8FCze,0,0,0,0,0,0,1,1
297,IBR,5G7xzLhXSrLaw8utPNAada8WPdQPZ4Dm6sddhuUckibr,0,0,0,0,0,0,1,1
298,tremp,FU1q8vJpZNUrmqsciSjp8bAKKidGsLmouB8CBdf8TKQv,0,0,0,0,0,0,1,1
299,KACY,6QSVGUEyBZWRshnXKhS96NQ97vGWiTu61SyHLAbYpump,0,0,0,0,0,0,1,1
300,MANA,Bw5K8eZaf361uDLHgX2UUn1PNfC7XtgQVvY9sSappump,0,0,0,0,0,0,1,1
301,GENE,GENEtH5amGSi8kHAtQoezp1XEXwZJ8vcuePYnXdKrMYz,0,0,0,0,0,0,1,1
302,FYBN,BXNGghGbqrt2PcM3Y2Une5fD4kbU6VVSPC4uPjf8pump,0,0,0,0,0,0,1,1
303,TRUST,EqeEBGHQhQy6SqeaJcnqAsNs3qaG19sdF89Xsarpump,0,0,0,0,0,0,1,1
304,test,4Hcm1TfA1MvVhCQHvJCcKL7ymUhJZAV7P439H5ZHnKRh,0,0,0,0,0,0,1,1
305,GRFT,2aWos2YsA6YjN5DHX77diRUx7SKMg7H1U8hqL2N1iy5o,0,0,0,0,0,0,1,1
306,FUKU,2KchKijPuwnwC92LPWVjFjRwB3WxKtzx9bbXZ7kRpump,0,0,0,0,0,0,1,1
307,LFGO,2u98MM7DMtVmNG4iAKRNMtynjmkzgD6fXAzB3wVfhQvg,0,0,0,0,0,0,1,1
308,SPORE,8bdhP1UQMevciC9oJ7NrvgDfoW8XPXPfbkkm6vKtMS7N,0,0,0,0,0,0,1,1
309,RHUN,Gh8yeA9vH5Fun7J6esFH3mV65cQTBpxk9Z5XpzU7pump,0,0,0,0,0,0,1,1
310,coby,8WnQQRbuEZ3CCDbH5MCVioBbw6o75NKANq9WdPhBDsWo,0,0,0,0,0,0,1,1
311,piin,piinKrjeiUVwhnXzsgNCV2aVGsBc4GwHQ9eCtkAgcTw,0,0,0,0,0,0,1,1
312,🟥🟩,HwPtbFpd3VTe3tfyosoVtPf9WPuSk5gAKkN5xp6Npump,0,0,0,0,0,0,1,1
313,WORK,F7Hwf8ib5DVCoiuyGr618Y3gon429Rnd1r5F9R5upump,0,0,0,0,0,0,1,1
314,∅,J2bUGZDxRDpsVfjZqKwn6yYCUKFmqzHgt8UajhGtpump,0,0,0,0,0,0,1,1
315,GUAC,AZsHEMXd36Bj1EMNXhowJajpUXzrKcK57wW4ZGXVa7yR,0,0,0,0,0,0,1,1
316,WHALES,GTH3wG3NErjwcf7VGCoXEXkgXSHvYhx5gtATeeM5JAS1,0,0,0,0,0,0,1,1
317,CHINA,E2BGnzHdJNUBtAVR7EyQMuEMHqgv65JL8J9ZyqyXUVvA,0,0,0,0,0,0,1,1
318,NAI,Fxm6tJ2khHbLVcSgnYUqg9FiBduVRLEvdQR67dvQ3eGp,0,0,0,0,0,0,1,1
319,SOLENG,2wUGjvMqXusgfzYP3Vj149bSM9MwTPLS4maxkdGfpump,0,0,0,0,0,0,1,1
320,SUPA,zi87E9xtFPRQ2o9qqerFxUDQLZgEkHrhpHDxxZhYi9a,0,0,0,0,0,0,1,1
321,boden,3psH1Mj1f7yUfaD5gh6Zj7epE8hhrMkMETgv5TshQA4o,0,0,0,0,0,0,1,1
322,WOLF,Faf89929Ni9fbg4gmVZTca7eW6NFg877Jqn6MizT3Gvw,0,0,0,0,0,0,1,1
323,Focai,5qsZAnWuR7vMJbiznrJEY2ddVqZXjNYmFvR3eXSxpump,0,0,0,0,0,0,1,1
324,CHADETTE,3pGyE8coXwBy8rx71zjtHDRrSA5TvKmuRgqwhK3Xmoon,0,0,0,0,0,0,1,1
325,rot,APoM2sXUzdRHTkUjXSsdUheX1wPPdP4HFLotmtRNMU8P,0,0,0,0,0,0,1,1
326,CRIME,7M3gDRgozcumFsiTeXwjB8cYxpg7Q9R7rH7rkw2Fpump,0,0,0,0,0,0,1,1
327,GIZMO,2CsJHNyj74zK6Jaiq2UayPAXFEjmL5UKhpeLNaH45Fud,0,0,0,0,0,0,1,1
328,soba,25p2BoNp6qrJH5As6ek6H7Ei495oSkyZd3tGb97sqFmH,0,0,0,0,0,0,1,1
329,Quant,3an8rhdepsLCya22af7qDBKPbdomw8K4iCHXaA2Gpump,0,0,0,0,0,0,1,1
330,RIGHT,GnMkhejvQmjMfAwnrYfu1LN3AfheiSo6pD2WaBeRL648,0,0,0,0,0,0,1,1
331,ALR,FwzpNxnabjZvc8QCnV6qPEBKxqLxSyjobc5Etdgxpump,0,0,0,0,0,0,1,1
332,miharu,6tVZVjcppH2BZ9Xj5yFU1Zt34m2rYcyDqqpSeMDZpump,0,0,0,0,0,0,1,1
333,JAIL,8cNmp9T2CMQRNZhNRoeSvr57LDf1kbZ42SvgsSWfpump,0,0,0,0,0,0,1,1
334,POLIS,poLisWXnNRwC6oBu1vHiuKQzFjGL4XDSu4g9qjz9qVk,0,0,0,0,0,0,1,1
335,XWH,7AJ1KjzjstMnQGzZk1HAKx2atmvvRqWvmRbdYmnviryq,0,0,0,0,0,0,1,1
336,BeffAI,2Tr3i2qjSPUb7e7BSFWTq7gsRzJEnYBKc7wRAYu3pump,0,0,0,0,0,0,1,1
337,BETH,7uJrMsDN2Wxdc3VAq1iK9N5AHaTA7wUpbm1wqRonpump,0,0,0,0,0,0,1,1
338,BITCOIN,CTgiaZUK12kCcB8sosn4Nt2NZtzLgtPqDwyQyr2syATC,0,0,0,0,0,0,1,1
339,KNOT,7RDvypx3p9EWq4nZZKux1ZQAc7DUWXpHTVKxCCnupump,0,0,0,0,0,0,1,1
340,OI,AKzAhPPLMH5NG35kGbgkwtrTLeGyVrfCtApjnvqAATcm,0,0,0,0,0,0,1,1
341,EARL,BjjvKX5k7gQoGRmvQAA5WMr7EkQ2cirGTSGxAznDpump,0,0,0,0,0,0,1,1
342,Jarvis,CmpuL8k9KY3NrpfDRoJrVmuwd1zRMFRUxX55avyGpump,0,0,0,0,0,0,1,1
343,TgMetrics,8tdzC7mFKhmfPg3KdSBafHqH7jgi3CvKomfj3Hhupump,0,0,0,0,0,0,1,1
344,IMARO,3Gjckk5jXnJffBruUS2EEYhpiDEN6z5TPXLkFVHkSkkg,0,0,0,0,0,0,1,1
345,CHORUZ,361pUXTPohPEgcnCVm7DUvNziizK37gVxLN3cw9Vpump,0,0,0,0,0,0,1,1
346,ROSS,2q8Y8rubbsaaA3faq8Ytsk382JXgtKdn23qjNXhSpump,0,0,0,0,0,0,1,1
347,LAKKHI,97WQm8aUu2gprFzEYfGmdJ7wcF4NSDPgvn3hvbDHpump,0,0,0,0,0,0,1,1
348,SSEC,HCq9orwso55TowciCZkD3Yb7c74iHYRGvQrubz4ppump,0,0,0,0,0,0,1,1
349,GINNAN,GinNabffZL4fUj9Vactxha74GDAW8kDPGaHqMtMzps2f,0,0,0,0,0,0,1,1
350,DITH,E1kvzJNxShvvWTrudokpzuc789vRiDXfXG3duCuY6ooE,0,0,0,0,0,0,1,1
351,SOAP,5bs3kHmjo1F3ZL42scfYyx9re3hhnayZYF8NkUr5D8HE,0,0,0,0,0,0,1,1
352,REXBT,J7cENeeQs1XUgfruGNTEjXAAa54Rut8VYdDuMmmBvirt,0,0,0,0,0,0,1,1
353,KIRA,CefZxozhhxK88XPJoeWBczYSaBPd35tsKnziTH6Cpump,0,0,0,0,0,0,1,1
354,POWSCHE,8CkiSHHJDHJV4LUoiRMLUhqG58cUkbyJRtcP4Z3mCXNf,0,0,0,0,0,0,1,1
355,AABL,ENoD8J2J6wNHkcJkvVBkwq5JMiR1oNBfBZRkoHCQogyT,0,0,0,0,0,0,1,1
356,DUCKAI,HFw81sUUPBkNF5tKDanV8VCYTfVY4XbrEEPiwzyypump,0,0,0,0,0,0,1,1
357,INTERN,6UxB5HCuuNm2HoHCp4TFVkPPE38L5zktESYKZ7Q5RC3f,0,0,0,0,0,0,1,1
358,ITMT,AATECgWF4KjALbpgUXjabqFKHmdtjWdfdFNzCH3ipump,0,0,0,0,0,0,1,1
359,STBOT,2x8o3hA5S5fBxCSE9hzVTf3RohcMWHqkDNKNEPuzprD5,0,0,0,0,0,0,1,1
360,JPOW,orairHM3Yw2PbTfCty1PXy7tEUx3uBMfjouNbm4KnRJ,0,0,0,0,0,0,1,1
361,FatCat,AHdVQs56QpEEkRx6m8yiYYEiqM2sKjQxVd6mGH12pump,0,0,0,0,0,0,1,1
362,CATF,7uCHQdxAz2ojRgEpXRHas1nJAeTTo9b7JWNgpXXi9D9p,0,0,0,0,0,0,1,1
363,SOLAMA,AVLhahDcDQ4m4vHM4ug63oh7xc8Jtk49Dm5hoe9Sazqr,0,0,0,0,0,0,1,1
364,Canada,788ucb6esrNwVxHzcpKjSakXvJWe2Ygw3QtHVwrUpump,0,0,0,0,0,0,1,1
365,SANDY,61yG5LCoeoqzBdopXPy6BsVPTGdRXht95L68hj5ipump,0,0,0,0,0,0,1,1
366,SCARF,ELdqGtj2MhejZzudGfz7b798si2Av5Asuw9ryEQSpump,0,0,0,0,0,0,1,1
367,NGNF,CXcWiHFDM1J8RHfAuzor1YGSk6BxGKFY5kstjUZjpump,0,0,0,0,0,0,1,1
368,Barron,HmAgiwjjP9CXqK5wQNsHKtjAt2CH3Kv8Q7xH5kGL2nqZ,0,0,0,0,0,0,1,1
369,DEGOD,degod39zqQWzpG6h4b7SJLLTCFE6FeZnZD8BwHBFxaN,0,0,0,0,0,0,1,1
370,RZLR,D8kgv5BRyfxUgTJGhkPJcw1Neo1eaneENC5XxC99pump,0,0,0,0,0,0,1,1
371,JFK,A5o97YGXDgekXdM3HmoEipv8PNgq6ABLyPMc9MnApump,0,0,0,0,0,0,1,1
372,ZODs,J1ow1c3ExcJYQmgNFRPfCp1LMYRf6P3A33isDcBmpump,0,0,0,0,0,0,1,1
373,Norm,9M26M7CxkJdaewdiH8v5kSiiXKbWBBirTE1QmXHmDvVg,0,0,0,0,0,0,1,1
374,SVMAI,Cpzvdx6pppc9TNArsGsqgShCsKC9NCCjA2gtzHvUpump,0,0,0,0,0,0,1,1
375,REPOALYZE,7VuQeZKwthC6LiHb8U8fFNibnasiWKSaP9KQmdNLpump,0,0,0,0,0,0,1,1
376,DRUGS,CX9YDTED9TWgVXVoFy8JL9gSSAEWcTv4mzjLSv17LQsj,0,0,0,0,0,0,1,1
377,BIG,Foot4fxy8CHxM37W8BeHwK6aLd8VH2yHTFu43KCxbCqc,0,0,0,0,0,0,1,1
378,MIRA,RufNMBEbKJr6CM1t3nwakZ3BaE9csF2AR15s32VWcRE,0,0,0,0,0,0,1,1
379,URKO,AXGmqhcKcPC4bC7vNpxGtu5oEwoEEnyeQUdw9YwYWF1q,0,0,0,0,0,0,1,1
380,BIRDFLU,EUxS8Kqvbe8zDr8bG1RYtgjVNzEhMTG6B6H3WwrCHfwA,0,0,0,0,0,0,1,1
381,gomu,Bx74hpFiaiBbSonrjyqxjGfAA7gRxM2CeKiy31uN6biR,0,0,0,0,0,0,1,1
382,VHS ,5e41GfrQwTP74LgGt6WP9kw6xa1jQhAERCjnFKf74y52,0,0,0,0,0,0,1,1
383,Jarvis,FR382Gv7RxrEb2q1MZkP9athyJC9rUBt8M2jKfyKpump,0,0,0,0,0,0,1,1
384,LIMITLESS,44o1iDPGuzHxQgDrPE3HRb2WXwGLsBsY7yMttX47pump,0,0,0,0,0,0,1,1
385,ZACK,8vCAUbxejdtaxn6jnX5uaQTyTZLmXALg9u1bvFCAjtx7,0,0,0,0,0,0,1,1
386,LEXICON,E4wg8YF472u8oiLvSNKB84Y23gZhkSQ3PSCJaUj4pump,0,0,0,0,0,0,1,1
387,LI,HhUVkZ1qz8vfMqZDemLyxBFxrHFKVSYAk7a6227Lpump,0,0,0,0,0,0,1,1
388,symx,Fu4jQQpUnECSVQrVfeeVPpQpXQffM75LL328EJPtpump,0,0,0,0,0,0,1,1
389,Swarm,JBSVUpKgYNHt4GLtNebQxTJmZgftTMWENQrziHtGpump,0,0,0,0,0,0,1,1
390,$Brokie ,3s8x7TNPPcLiHGXNqg78b77uGyNqNKg5AyZm55Ftpump,0,0,0,0,0,0,1,1
391,SOLY,FmkD8vrRaxAeXfmG6WtpUjcd3kXYcWLcNWpmjsE7pump,0,0,0,0,0,0,1,1
392,e/acc,GqmEdRD3zGUZdYPeuDeXxCc8Cj1DBmGSYK97TCwSpump,0,0,0,0,0,0,1,1
393,TDS,7KuFdcfzbc3LLoRHNRWfW1dhbPNzuCv41hyYbfSUpump,0,0,0,0,0,0,1,1
394,RM9000,G6haJithfeUgSghVpu1rDPCq2NFiYcJFHNpHEANbpump,0,0,0,0,0,0,1,1
395,AAA,275FUEyp5o7TWo1dCDYJyprb4o2WBcxEQsvmt816pump,0,0,0,0,0,0,1,1
396,APY,yLUD35WTiPLEY6DUqEj5W2JVXF2DfKB5arPkKJXpump,0,0,0,0,0,0,1,1
397,r/snoofi,7M9KJcPNC65ShLDmJmTNhVFcuY95Y1VMeYngKgt67D1t,0,0,0,0,0,0,1,1
398,USEDCAR,9gwTegFJJErDpWJKjPfLr2g2zrE3nL1v5zpwbtsk3c6P,0,0,0,0,0,0,1,1
399,FAIREST,CFrd1PnphJcNiGHtL3QYLb2Fvs1aBbJfah3FqgNPpump,0,0,0,0,0,0,1,1
400,saint,EQs4DEeaSyrhRPM6JPsf2ptLf4EHkcGXB7ybeufxpump,0,0,0,0,0,0,1,1
401,CHATOSHI,Bhu2wBWxfWkRJ6pFn5NodnEvMCqj9DLfCU5qMvt7pump,0,0,0,0,0,0,1,1
402,GAME,BeV4PdcZsNX2WgKgwFTTEgLEnAkbD9CGgxdcVzPHpump,0,0,0,0,0,0,1,1
403,HSM,Gv8mfuosgCKCj9tPs9VWS1GzETemr69Lnr2jwjbWpump,0,0,0,0,0,0,1,1
404,HUAHUA,77RBCP95AFT9XRsx4xuGUHjBQsjcatGYCZ2VXx8Epump,0,0,0,0,0,0,1,1
405,WYAC,BEgBsVSKJSxreiCE1XmWWq8arnwit7xDqQXSWYgay9xP,0,0,0,0,0,0,1,1
406,isaacx,C19Q2Mvr1icQVxQJWpDTVDJjLTzAcXbUt3bPmBsYpump,0,0,0,0,0,0,1,1
407,ForexLens,aSCcjVmMJttZQNYtzhFXmqmUiTm8xkJBggn4sj8pump,0,0,0,0,0,0,1,1
408,Mona,MoNAoCoXKLb38Y2VpbukGacdNYhvRTyVn92DvRApXep,0,0,0,0,0,0,1,1
409,SCOUT,GLPdQwGtjcynj3RLraenPeR9v1REnpdyuciPBpVipump,0,0,0,0,0,0,1,1
410,GHST,8fzhnxwVFdcvDxL16jtrEcRJrdLoQoNWk7UmS9z4h3dY,0,0,0,0,0,0,1,1
411,Mustard,22Xeo6diWfJrScaoVFzgkwzrCByPukK45fdwkJyrpump,0,0,0,0,0,0,1,1
412,COOK,G8Vy25NzjRmuQtnN35xF7j3X2Z1TrV39XijZu8Mg4w8n,0,0,0,0,0,0,1,1
413,DJI,BjotV424H4UBvrAiGFGjQGztLxoafxM4HSdCXZR6pump,0,0,0,0,0,0,1,1
414,DARK,FmQ7v2QUqXVVtAXkngBh3Mwx7s3mKT55nQ5Z673dURYS,0,0,0,0,0,0,1,1
415,BUNKER,8NCievmJCg2d9Vc2TWgz2HkE6ANeSX7kwvdq5AL7pump,0,0,0,0,0,0,1,1
416,NYAN,49ztDWXk7qEfz8Y1t8owmhLhewiA3ptVNPpRGAjRd8Wh,0,0,0,0,0,0,1,1
417,BANKER,oraiBbhuMd7MeVxyBjtnK8sggprf2NpHkeJaeHzpBFK,0,0,0,0,0,0,1,1
418,ASSCOIN,G3EDZoS49NRVKP8X1HggHZJueJeR8d2izUHeXdV3pump,0,0,0,0,0,0,1,1
419,DATAWITCH,CwsQd329uL1ccxT3my2EJCEsciT1CUfk2BUmPF8Ppump,0,0,0,0,0,0,1,1
420,███,3QGGLYLu251jE9Ra8jkGtuHb773xYciXeqqvUgNTGimE,0,0,0,0,0,0,1,1
421,OSOL,2otVNpcHXn9MKeDk3Zby5uanF3s7tki4toaJ3PZcXaUd,0,0,0,0,0,0,1,1
422,HEEHEE,9dLuVbJMd4ZpTpFgmaFHAGSsFwVjtcnzFWaLAA1expHg,0,0,0,0,0,0,1,1
423,$SOULS,Agentfk87X48g37uPprEZaQtizDvnSQVeTqVjAtmbhd3,0,0,0,0,0,0,1,1
424,SUCHIR,ByXTsen3ftsd7SsqgXpSZqrEeoMV8Smhz1vox9j6pump,0,0,0,0,0,0,1,1
425,GNRT,oraiJP7H3LAt57DkFXNLDbLdBFNRRPvS8jg2j5AZkd9,0,0,0,0,0,0,1,1
426,GNZ,FFgfStKwuF3DSxEeogA69FNkPrkb7XDA5Tw29TBEpump,0,0,0,0,0,0,1,1
427,isaac,GTiMaW6FNPLrWNVLYk5KkLApxiHvCwbGr9KdueGypump,0,0,0,0,0,0,1,1
428,WAIFU,D4yF6j16FitfzH6e3Q9yYXTwV1tzpy2yGkjouD5Hpump,0,0,0,0,0,0,1,1
429,HTERM,BDW8YHasD3NSDjSHU9Xy6KXtshGayMGQfj5bJpLcpump,0,0,0,0,0,0,1,1
430,$horny,8AS9yeGsAwvTs9gCDKMmB2MgX8NiSvv4uppH61yqpump,0,0,0,0,0,0,1,1
431,CATG,DqrcZRHM9JuCUhnLyaWF7rLLjxE5h3MbiG7iferUpump,0,0,0,0,0,0,1,1
432,Claude,HaL8cPcEZgwLaCbwyf6aAPh7rhw7iHck22zFXSNjpump,0,0,0,0,0,0,1,1
433,pee,3CoTXmxP8pCKoJxd6QSxeYPzi9gzBQB6TmQzH8m1gza2,0,0,0,0,0,0,1,1
434,PSYOP,DAFdakKAEvB6GtJgnDk1LC1QK4gQrtTK3eKUZtAJpump,0,0,0,0,0,0,1,1
435,$GARY,8c71AvjQeKKeWRe8jtTGG1bJ2WiYXQdbjqFbUfhHgSVk,0,0,0,0,0,0,1,1
436,SLOG,9Xfko1cNUJ6cpgBxkdH7k7VyYouUmCtUij5tDWUFpump,0,0,0,0,0,0,1,1
437,RIFT,jUpa2aDCzvdR9EF4fqDXmuyMUkonPTohphABLmRkRFj,0,0,0,0,0,0,1,1
438,EDAS,kH6hPcpdJqeMAATYU7W4rzqZuzYTkYr6QqGYTLkpump,0,0,0,0,0,0,1,1
439,WORM,DwDtUqBZJtbRpdjsFw3N7YKB5epocSru25BGcVhfcYtg,0,0,0,0,0,0,1,1
440,brokeguy,EnpGPwV8YLGM6Eqjy1ASXfA8MY7FhtSet44HivTnpump,0,0,0,0,0,0,1,1
441,BTW,4ytpZgVoNB66bFs6NRCUaAVsLdtYk2fHq4U92Jnjpump,0,0,0,0,0,0,1,1
442,speed,5Wd2ALxQfnpgQKCyH4WL9giBiiuuLuJs84CJxfQccvmN,0,0,0,0,0,0,1,1
443,Kekec,DexxZWtZd8hdmeth9gKYXgTWa1VYdMVrWFBZ9RXXXhBn,0,0,0,0,0,0,1,1
444,SHRUB,Em8WF6pg9FmKDy1dXkWhXxpgmfhj5Bes3ZCE8PCCJSHt,0,0,0,0,0,0,1,1
445,Jellyfc,GFreY9SAUz96P7qkF19A4dtA4TmZgtL9Gmu8gV9Kpump,0,0,0,0,0,0,1,1
446,Bakso,FqnqT1GKi8S4Gyk5wnSKvJjXW48HqGtKJt9WS4o2pump,0,0,0,0,0,0,1,1
447,GOBI,CwdjgD54hgTQChspxHhirWLQWqy3EsxtndrcpLBqpump,0,0,0,0,0,0,1,1
448,PPCOIN,76PsEyML7UV9uiBDWMdG3itRRuupDuRs6nNpjNBpump,0,0,0,0,0,0,1,1
449,RAPTOR,Fss7oX43YpNNWVnRZugZ1NcngR1j8Ar33Z2dLqYfpump,0,0,0,0,0,0,1,1
450,CORN,6DSqVXg9WLTWgz6LACqxN757QdHe1sCqkUfojWmxWtok,0,0,0,0,0,0,1,1
451,CHEEMS,3FoUAsGDbvTD6YZ4wVKJgTB76onJUKz7GPEBNiR5b8wc,0,0,0,0,0,0,1,1
452,BCAT,ePf254sV6bfec56voNkxHCLR43fr2tE1JMGMQm9dGFM,0,0,0,0,0,0,1,1
453,ORION,DoHJhvbVXJeyAGpdGuBauYnkHVXtoQg1oLahDgnhpump,0,0,0,0,0,0,1,1
454,CALVIN,229vWzBTiUNdraYpVtSH9usTwwVxcyPDbBWf1zEPpump,0,0,0,0,0,0,1,1
455,duk,A2khRbhRJNrAEHj95htivC4cR4VbJwfssDH5FPPbP4m9,0,0,0,0,0,0,1,1
456,APX,8GQa5N9HJT5tW6vg3umYG5us1xHmiU948LfDihg2f8Vf,0,0,0,0,0,0,1,1
457,$EXPERT,H7VfCzzPJvnqfs1b8uA9uUuVjXiYfzAUDw5gmyV9pump,0,0,0,0,0,0,1,1
458,TOVE,85qBGzyQZJnnoNVoUpGRTvemWfDHjQeXgHGyKoK3pump,0,0,0,0,0,0,1,1
459,FATHA,EWWDzCwq4UYW3ERTXbdgd6X6sdkKHFMJqRz1ZiFcpump,0,0,0,0,0,0,1,1
460,AROK,Cwe5k2iEy8dt7vCGY93GBrqQS4FWyac6pQjvjLcPD6qp,0,0,0,0,0,0,1,1
461,CWAR,HfYFjMKNZygfMC8LsQ8LtpPsPxEJoXJx4M6tqi75Hajo,0,0,0,0,0,0,1,1
462,FRN,J5tzd1ww1V1qrgDUQHVCGqpmpbnEnjzGs9LAqJxwkNde,0,0,0,0,0,0,1,1
463,$dicki,8EHC2gfTLDb2eGQfjm17mVNLWPGRc9YVD75bepZ2nZJa,0,0,0,0,0,0,1,1
464,$CRAB,Gst1mHM4sqEgUeZVNLRaDhVZBKngsnpch4abiVyGpump,0,0,0,0,0,0,1,1
465,HOLO,B8hCuoikV9gLeuwmTyhNdLbPnb5k3P77Q7WTtEM7pump,0,0,0,0,0,0,1,1
466,PRO,CWFa2nxUMf5d1WwKtG9FS9kjUKGwKXWSjH8hFdWspump,0,0,0,0,0,0,1,1
467,MOE,8xzoj8mVmXtBQm6d2euJGFPvQ2QsTV5R8cdexi2qpump,0,0,0,0,0,0,1,1
468,🫃,D2JGRcNqq1mLzyL4ruCb27pzYw8FF3nTK4hMz6GmMW56,0,0,0,0,0,0,1,1
469,NOOZ,3nB8icMZZpMwDXx7W9mS4SjxKFMSNzi7yoe225AGnooZ,0,0,0,0,0,0,1,1
470,OBOT,7yZFFUhq9ac7DY4WobLL539pJEUbMnQ5AGQQuuEMpump,0,0,0,0,0,0,1,1
471,TrackedBio,7t1T28iMh5GsW8oTMx52x3u3M3hDbaY8psbL3rZ6BMrn,0,0,0,0,0,0,1,1
472,GAIM,53dig5bMmYBGNxDXAGFNjA59mqry3piqTpbFzYKEpump,0,0,0,0,0,0,1,1
473,DOBBY,CPcf58MNikQw2G23kTVWQevRDeFDpdxMH7KkR7Lhpump,0,0,0,0,0,0,1,1
474,Boto,BokHbmMzgZ4WDEz2t3z1Y2qFMiFjqBgBnyfvd7sbM4wn,0,0,0,0,0,0,1,1
475,MIMANY,3Rcc6tMyS7ZEa29dxV4g3J5StorS9J1dn98gd42pZTk1,0,0,0,0,0,0,1,1
476,$daumen,T1oYbAejEESrZLtSAjumAXhzFqZGNxQ4kVN9vPUoxMv,0,0,0,0,0,0,1,1
477,ClubMoon,5gVSqhk41VA8U6U4Pvux6MSxFWqgptm3w58X9UTGpump,0,0,0,0,0,0,1,1
478,NAVAL,7wM4MnbsPsG95A3WhZgbrPWvMtydKmJjqKr2ZVJVpump,0,0,0,0,0,0,1,1
479,8BALL,8iQCQd8TwARsBGyB7zUvEQqU3LCWXRFPmaKvyTPytPCP,0,0,0,0,0,0,1,1
480,UAI,haahyN2RTafHNNySeXKoowgGF7DdX5b5nGNGmghpump,0,0,0,0,0,0,1,1
481,MIKU,48BVWSkY5XxZ9HwaKet2kAYvjP9gPviUmm8Xg2EKCLNx,0,0,0,0,0,0,1,1
482,QFE,DECqp3qgUAarXoP2FssBnFXPsqtLhc5Y9UuvjxWMpump,0,0,0,0,0,0,1,1
483,glam,73rzMJ8uEqjAf5vE1YPGrXbg7Cb2Yv85EoxpJh2mpump,0,0,0,0,0,0,1,1
484,XAND,XANDuUoVoUqniKkpcKhrxmvYJybpJvUxJLr21Gaj3Hx,0,0,0,0,0,0,1,1
485,RAT,3vJenGaGsuKG5shPhi7rjnuy3MV6xjmBTGjYqYzXpump,0,0,0,0,0,0,1,1
486,SEDUX,5Kh2xc7X2qfRig2DZyGkuEXw7jeXUXoei7U6GBjfpump,0,0,0,0,0,0,1,1
487,GAYCOIN,AnGzGiQ6ddzdqWDuWy6vmibqDv8rsT2QKhcgDrwTpump,0,0,0,0,0,0,1,1
488,SL,7wUwkXo8Qjt3cYM8BaHHHeyfDY7ZSn7qvod92pNupump,0,0,0,0,0,0,1,1
489,MTM,97RggLo3zV5kFGYW4yoQTxr4Xkz4Vg2WPHzNYXXWpump,0,0,0,0,0,0,1,1
490,doodoo,JDwzFSxcUvLubUb9xAuuZNvh4bbcEJcuM9TezpmRHVWF,0,0,0,0,0,0,1,1
491,LSD,DDti34vnkrCehR8fih6dTGpPuc3w8tL4XQ4QLQhc3xPa,0,0,0,0,0,0,1,1
492,DFL,DFL1zNkaGPWm1BqAVqRjCZvHmwTFrEaJtbzJWgseoNJh,0,0,0,0,0,0,1,1
